1000 750 100
574 451
772 898
240 292
892 439
349 565
28 212
864 397
45 856
363 167
435 136
157 893
845 686
622 544
661 135
922 811
34 355
120 800
792 781
101 186
305 537
650 313
634 933
199 460
596 856
66 457
822 128
480 288
116 32
823 494
854 86
893 397
446 282
769 336
191 890
740 331
391 410
315 49
210 561
268 704
859 863
915 104
286 179
272 73
23 913
998 937
505 952
170 284
252 346
230 894
342 916
641 468
13 781
765 649
454 860
837 364
829 426
281 223
209 438
120 794
219 31
520 6
339 476
796 845
919 239
739 742
89 633
953 400
196 103
804 940
891 545
965 780
278 211
73 970
610 909
372 505
899 893
89 8
784 661
535 749
788 878
995 718
620 131
110 34
746 515
772 86
901 286
456 556
123 360
863 70
788 964
328 632
60 344
412 404
356 718
983 574
949 402
819 7
619 639
582 744
778 525
272 836
960 29
43 608
447 349
630 311
972 46
928 917
409 498
614 965
923 476
641 750
65 912
95 112
226 753
20 908
345 473
836 882
560 259
848 460
854 756
723 832
575 576
704 979
222 249
250 368
433 107
807 887
809 467
954 211
37 413
460 612
506 124
982 307
153 932
125 412
717 491
786 437
399 62
749 581
560 641
869 432
946 966
679 551
91 767
265 172
743 126
818 523
858 985
256 556
127 507
565 436
975 197
662 827
977 580
777 417
314 292
531 34
482 627
676 73
11 392
584 392
334 697
322 149
84 700
102 264
397 141
348 944
553 79
804 430
873 278
210 586
561 920
760 313
748 684
322 392
532 130
354 90
60 258
760 181
260 281
294 483
497 326
62 637
550 427
64 801
635 911
459 836
560 736
215 314
998 390
245 114
546 162
572 791
431 285
201 609
959 357
362 11
405 802
247 277
938 679
989 49
531 980
472 370
411 297
445 865
42 596
545 66
466 627
642 91
81 438
528 860
792 963
358 105
287 213
275 197
386 6
800 753
948 897
950 954
543 45
301 537
990 172
523 835
391 810
455 537
335 328
617 434
827 591
264 612
545 218
799 969
346 733
925 854
396 938
535 231
559 26
844 494
268 136
422 459
397 945
664 925
277 408
104 199
501 190
258 286
40 870
590 918
748 807
455 219
982 394
17 45
624 219
262 181
409 917
293 85
329 406
656 412
751 434
905 119
514 123
568 355
200 797
835 38
78 984
275 349
509 695
983 328
669 989
167 842
841 919
118 549
190 340
357 98
521 458
976 534
405 970
608 344
757 427
236 630
164 660
52 56
278 779
428 340
211 691
258 936
200 914
44 55
985 912
857 722
63 43
882 280
170 400
740 240
635 540
613 299
417 584
552 223
262 555
751 365
100 857
884 868
298 209
52 879
85 533
816 185
109 714
841 9
557 471
504 704
798 507
496 351
961 807
809 950
943 794
705 871
295 835
392 129
258 417
512 289
415 991
623 826
878 459
939 701
811 365
897 84
954 805
346 104
969 461
683 18
222 110
567 70
853 654
435 108
422 166
878 968
978 34
802 530
120 226
275 80
984 894
867 231
586 974
456 528
604 830
627 142
167 481
22 54
901 397
289 848
601 652
136 122
258 331
421 236
429 995
701 110
399 84
34 13
660 625
661 212
454 599
309 551
238 752
816 44
437 474
158 191
468 619
204 869
27 741
971 265
22 803
332 549
289 867
818 884
853 961
700 339
29 649
542 142
547 410
148 880
44 85
851 610
133 981
675 340
361 680
644 121
776 811
899 628
549 509
34 353
948 762
586 879
878 351
29 561
234 325
348 67
746 798
674 882
615 605
643 132
298 914
245 583
729 923
217 910
738 446
806 757
950 282
867 909
285 510
118 43
114 913
581 35
162 257
936 467
127 879
153 234
979 911
370 959
644 637
842 581
995 75
163 684
584 199
563 123
413 657
636 49
405 490
594 492
545 400
985 320
943 287
329 889
464 602
367 356
116 518
761 511
693 391
565 889
852 995
502 644
299 893
181 15
376 245
592 432
35 706
697 727
285 897
678 261
221 351
624 731
992 50
554 103
971 990
256 946
576 540
889 877
435 333
315 633
712 476
890 541
51 513
196 850
84 649
724 91
141 155
17 800
889 30
458 234
674 518
520 209
263 837
240 56
33 110
491 922
72 20
684 582
110 697
758 702
888 916
767 430
389 785
637 487
964 220
540 611
806 624
385 539
845 666
285 276
904 987
217 792
740 58
603 72
960 319
59 479
413 676
564 762
832 279
626 292
374 730
484 974
147 803
878 171
862 582
191 42
908 657
889 37
240 104
722 166
436 207
662 720
935 854
7 627
251 366
634 786
729 58
247 959
628 953
733 103
46 159
735 535
19 115
223 365
504 628
70 308
567 148
333 839
107 862
203 390
426 844
563 918
611 865
800 99
277 358
752 625
410 288
515 232
655 238
703 382
361 72
18 742
765 979
866 654
187 881
20 694
816 589
351 484
607 412
564 301
164 695
109 78
437 133
871 168
581 45
277 242
165 522
202 305
969 151
115 170
293 473
974 287
602 916
155 16
521 365
870 649
315 23
414 642
483 978
253 204
240 741
124 46
106 348
755 207
160 197
402 190
652 292
822 422
372 478
931 5
758 578
467 444
343 67
720 400
760 131
844 887
21 498
858 830
707 500
360 863
190 264
428 640
988 172
72 510
337 798
403 545
816 694
998 560
875 223
239 854
400 892
957 596
888 495
257 886
596 900
846 162
686 661
101 74
449 727
975 283
974 921
735 950
77 316
987 588
212 686
807 590
343 241
590 882
236 816
143 921
529 306
24 462
797 655
377 617
480 159
439 281
599 474
179 505
936 546
927 153
734 84
788 757
601 814
459 258
598 250
910 13
327 385
938 6
486 43
620 73
771 282
645 365
367 494
299 429
173 947
389 157
124 87
650 510
459 711
175 426
442 297
835 932
8 676
193 646
727 972
914 758
624 274
60 794
323 184
706 432
544 122
889 714
51 360
277 631
584 552
622 781
467 376
410 82
954 833
744 834
297 831
598 987
570 309
456 332
351 621
318 668
733 133
256 247
423 973
81 746
244 645
173 512
886 244
319 997
504 259
236 487
667 799
462 101
813 958
86 920
230 745
937 398
936 295
381 573
635 722
425 260
859 514
583 469
847 312
686 551
990 862
224 248
703 705
156 736
693 184
913 425
413 759
545 50
566 452
549 506
804 506
147 833
585 148
544 330
121 177
963 685
800 909
816 146
298 249
862 744
798 881
598 963
384 595
320 571
714 463
555 857
286 266
865 381
66 237
29 754
545 290
850 843
522 590
385 480
119 826
526 248
157 396
776 890
90 898
779 599
256 110
164 942
532 557
264 755
571 730
953 794
299 8
686 621
641 140
214 805
852 184
817 998
780 436
555 363
72 888
830 800
308 436
299 334
939 280
52 872
703 79
617 285
642 262
101 727
31 323
996 672
634 865
132 316
345 487
364 977
662 168
701 202
322 933
812 980
919 398
353 648
794 41
648 727
267 425
201 964
234 775
374 466
696 878
721 294
55 784
143 624
303 470
380 939
182 925
804 756
131 220
555 87
464 170
427 276
681 92
544 9
173 940
153 889
704 821
285 770
106 563
350 372
632 808
391 214
349 904
462 146
772 670
462 584
325 95
365 617
338 948
996 618
780 334
512 592
847 874
923 114
630 516
728 674
453 799
618 262
593 194
991 411
726 7
494 921
850 313
607 717
858 386
939 809
927 572
224 288
497 404
888 815
998 77
769 705
520 256
728 31
338 954
292 243
135 692
901 182
679 392
503 82
750 831
983 217
227 191
784 412
274 530
346 992
494 138
585 986
455 720
501 675
83 755
