43
181665 772973
545344 844616
833749 987932
132355 185565
263934 179654
170455 646550
544235 987283
44403 301033
802106 631354
395177 632861
492024 245320
6964 758077
328182 972319
369098 865170
660314 396170
177708 467885
648608 347042
105305 205639
711957 69864
203930 94582
317635 444924
526725 911683
432730 536582
143476 500278
157246 613410
338227 299934
389287 284618
891764 908653
949334 795218
922213 739175
598874 628279
601991 715107
61571 54183
989244 712735
278288 494002
696755 396386
830476 291543
70603 649465
131205 471372
900078 750085
455418 257505
439776 579416
591818 553548
