100 100 1000
1011011001000110111111010000000110110000010101100100010000111000100111100110001110111101010011001011
1100100000111111101010010010011010101110110110111010011111100100000000010100011011000000100101100011
1110001010110001111000101110100010001111111111101000001001010101011100100001010010110000110101110110
1100100000111111101010010010011010101110110110111010011111100100000000010100011011000000100101100011
1011011001000110111111010000000110110000010101100100010000111000100111100110001110111101010011001011
1110001010110001111000101110100010001111111111101000001001010101011100100001010010110000110101110110
1011011001000110111111010000000110110000010101100100010000111000100111100110001110111101010011001011
1110001010110001111000101110100010001111111111101000001001010101011100100001010010110000110101110110
1110001010110001111000101110100010001111111111101000001001010101011100100001010010110000110101110110
1011011001000110111111010000000110110000010101100100010000111000100111100110001110111101010011001011
1110001010110001111000101110100010001111111111101000001001010101011100100001010010110000110101110110
1100100000111111101010010010011010101110110110111010011111100100000000010100011011000000100101100011
1110001010110001111000101110100010001111111111101000001001010101011100100001010010110000110101110110
1100100000111111101010010010011010101110110110111010011111100100000000010100011011000000100101100011
1011011001000110111111010000000110110000010101100100010000111000100111100110001110111101010011001011
1100100000111111101010010010011010101110110110111010011111100100000000010100011011000000100101100011
1110001010110001111000101110100010001111111111101000001001010101011100100001010010110000110101110110
1110001010110001111000101110100010001111111111101000001001010101011100100001010010110000110101110110
1110001010110001111000101110100010001111111111101000001001010101011100100001010010110000110101110110
1110001010110001111000101110100010001111111111101000001001010101011100100001010010110000110101110110
1110001010110001111000101110100010001111111111101000001001010101011100100001010010110000110101110110
1110001010110001111000101110100010001111111111101000001001010101011100100001010010110000110101110110
1100100000111111101010010010011010101110110110111010011111100100000000010100011011000000100101100011
1110001010110001111000101110100010001111111111101000001001010101011100100001010010110000110101110110
1110001010110001111000101110100010001111111111101000001001010101011100100001010010110000110101110110
1011011001000110111111010000000110110000010101100100010000111000100111100110001110111101010011001011
1100100000111111101010010010011010101110110110111010011111100100000000010100011011000000100101100011
1110001010110001111000101110100010001111111111101000001001010101011100100001010010110000110101110110
1011011001000110111111010000000110110000010101100100010000111000100111100110001110111101010011001011
1110001010110001111000101110100010001111111111101000001001010101011100100001010010110000110101110110
1011011001000110111111010000000110110000010101100100010000111000100111100110001110111101010011001011
1110001010110001111000101110100010001111111111101000001001010101011100100001010010110000110101110110
1011011001000110111111010000000110110000010101100100010000111000100111100110001110111101010011001011
1100100000111111101010010010011010101110110110111010011111100100000000010100011011000000100101100011
1100100000111111101010010010011010101110110110111010011111100100000000010100011011000000100101100011
1110001010110001111000101110100010001111111111101000001001010101011100100001010010110000110101110110
1011011001000110111111010000000110110000010101100100010000111000100111100110001110111101010011001011
1110001010110001111000101110100010001111111111101000001001010101011100100001010010110000110101110110
1011011001000110111111010000000110110000010101100100010000111000100111100110001110111101010011001011
1011011001000110111111010000000110110000010101100100010000111000100111100110001110111101010011001011
1011011001000110111111010000000110110000010101100100010000111000100111100110001110111101010011001011
1110001010110001111000101110100010001111111111101000001001010101011100100001010010110000110101110110
1100100000111111101010010010011010101110110110111010011111100100000000010100011011000000100101100011
1110001010110001111000101110100010001111111111101000001001010101011100100001010010110000110101110110
1100100000111111101010010010011010101110110110111010011111100100000000010100011011000000100101100011
1011011001000110111111010000000110110000010101100100010000111000100111100110001110111101010011001011
1011011001000110111111010000000110110000010101100100010000111000100111100110001110111101010011001011
1011011001000110111111010000000110110000010101100100010000111000100111100110001110111101010011001011
1011011001000110111111010000000110110000010101100100010000111000100111100110001110111101010011001011
1100100000111111101010010010011010101110110110111010011111100100000000010100011011000000100101100011
1110001010110001111000101110100010001111111111101000001001010101011100100001010010110000110101110110
1110001010110001111000101110100010001111111111101000001001010101011100100001010010110000110101110110
1100100000111111101010010010011010101110110110111010011111100100000000010100011011000000100101100011
1110001010110001111000101110100010001111111111101000001001010101011100100001010010110000110101110110
1110001010110001111000101110100010001111111111101000001001010101011100100001010010110000110101110110
1110001010110001111000101110100010001111111111101000001001010101011100100001010010110000110101110110
1100100000111111101010010010011010101110110110111010011111100100000000010100011011000000100101100011
1011011001000110111111010000000110110000010101100100010000111000100111100110001110111101010011001011
1110001010110001111000101110100010001111111111101000001001010101011100100001010010110000110101110110
1110001010110001111000101110100010001111111111101000001001010101011100100001010010110000110101110110
1100100000111111101010010010011010101110110110111010011111100100000000010100011011000000100101100011
1011011001000110111111010000000110110000010101100100010000111000100111100110001110111101010011001011
1110001010110001111000101110100010001111111111101000001001010101011100100001010010110000110101110110
1011011001000110111111010000000110110000010101100100010000111000100111100110001110111101010011001011
1011011001000110111111010000000110110000010101100100010000111000100111100110001110111101010011001011
1011011001000110111111010000000110110000010101100100010000111000100111100110001110111101010011001011
1100100000111111101010010010011010101110110110111010011111100100000000010100011011000000100101100011
1100100000111111101010010010011010101110110110111010011111100100000000010100011011000000100101100011
1100100000111111101010010010011010101110110110111010011111100100000000010100011011000000100101100011
1011011001000110111111010000000110110000010101100100010000111000100111100110001110111101010011001011
1100100000111111101010010010011010101110110110111010011111100100000000010100011011000000100101100011
1011011001000110111111010000000110110000010101100100010000111000100111100110001110111101010011001011
1011011001000110111111010000000110110000010101100100010000111000100111100110001110111101010011001011
1100100000111111101010010010011010101110110110111010011111100100000000010100011011000000100101100011
1110001010110001111000101110100010001111111111101000001001010101011100100001010010110000110101110110
1100100000111111101010010010011010101110110110111010011111100100000000010100011011000000100101100011
1110001010110001111000101110100010001111111111101000001001010101011100100001010010110000110101110110
1011011001000110111111010000000110110000010101100100010000111000100111100110001110111101010011001011
1011011001000110111111010000000110110000010101100100010000111000100111100110001110111101010011001011
1011011001000110111111010000000110110000010101100100010000111000100111100110001110111101010011001011
1110001010110001111000101110100010001111111111101000001001010101011100100001010010110000110101110110
1011011001000110111111010000000110110000010101100100010000111000100111100110001110111101010011001011
1100100000111111101010010010011010101110110110111010011111100100000000010100011011000000100101100011
1011011001000110111111010000000110110000010101100100010000111000100111100110001110111101010011001011
1011011001000110111111010000000110110000010101100100010000111000100111100110001110111101010011001011
1110001010110001111000101110100010001111111111101000001001010101011100100001010010110000110101110110
1011011001000110111111010000000110110000010101100100010000111000100111100110001110111101010011001011
1110001010110001111000101110100010001111111111101000001001010101011100100001010010110000110101110110
1011011001000110111111010000000110110000010101100100010000111000100111100110001110111101010011001011
1100100000111111101010010010011010101110110110111010011111100100000000010100011011000000100101100011
1100100000111111101010010010011010101110110110111010011111100100000000010100011011000000100101100011
1011011001000110111111010000000110110000010101100100010000111000100111100110001110111101010011001011
1100100000111111101010010010011010101110110110111010011111100100000000010100011011000000100101100011
1011011001000110111111010000000110110000010101100100010000111000100111100110001110111101010011001011
1110001010110001111000101110100010001111111111101000001001010101011100100001010010110000110101110110
1011011001000110111111010000000110110000010101100100010000111000100111100110001110111101010011001011
1011011001000110111111010000000110110000010101100100010000111000100111100110001110111101010011001011
1110001010110001111000101110100010001111111111101000001001010101011100100001010010110000110101110110
1100100000111111101010010010011010101110110110111010011111100100000000010100011011000000100101100011
1011011001000110111111010000000110110000010101100100010000111000100111100110001110111101010011001011
