10
207 360 214
110001011111010001110011001001011010100111000010011000001010110111000101010110101111010110011011100101111001000111111110011110100000011100011000101101101101100001000010101010000010001100100101100001000011000100000000111001110110001110101011011111000000111011110101011001001001100101100100101110110111000110001111011011110101111011011011000110011111010110011111
61 4 157 83 291 226 2 347 327
35 6 27 239 235 262 273 204 1 17
45 6 245 12 76 300 190 127 2 21 75
80 3 123 33 42 2 353 230
66 4 112 300 270 230 1 285
7 6 11 12 81 11 309 350 2 331 1
32 1 310 1 247
31 4 75 9 247 115 2 343 246
89 3 183 231 156 2 338 167
51 3 218 280 329 2 83 168
61 1 135 2 48 354
80 6 151 345 227 95 347 314 1 216
72 1 292 1 173
52 4 37 260 82 75 1 121
23 4 333 327 331 65 1 88
72 7 140 285 57 76 113 327 246 2 13 258
38 4 340 230 257 247 2 197 62
59 4 33 322 317 329 2 259 104
30 5 92 24 226 17 42 2 35 135
10 2 192 291 2 162 139
57 5 141 318 356 187 298 2 267 125
64 6 322 226 266 102 82 353 2 147 41
1 1 226 2 160 34
19 6 2 318 227 331 353 13 1 118
1 7 280 105 34 245 296 277 121 2 148 65
61 6 324 354 283 105 336 75 2 54 295
45 1 193 1 157
100 5 285 285 310 353 168 1 173
55 3 230 305 42 2 105 280
44 2 123 292 2 191 273
44 7 134 153 239 192 8 327 300 2 280 49
64 6 347 93 223 243 203 233 2 169 36
24 2 169 48 2 20 190
24 4 326 10 305 147 2 255 326
91 1 51 1 340
96 1 54 2 65 22
29 7 350 247 86 118 259 150 1 2 129 219
91 3 233 354 115 2 316 70
56 2 359 121 2 342 291
60 6 93 104 343 235 117 255 1 152
90 1 167 1 169
31 2 36 82 1 232
60 5 50 240 81 197 6 2 117 147
90 5 332 167 259 240 243 1 77
46 4 187 117 27 13 2 124 82
98 1 260 2 67 126
10 7 72 30 119 2 112 21 314 1 254
37 3 336 258 203 2 61 324
66 6 152 123 293 160 340 233 1 356
53 6 311 217 233 254 57 314 2 131 94
23 2 72 135 2 77 222
50 7 270 320 2 292 309 305 168 2 273 81
66 1 257 1 199
35 6 118 338 267 77 6 126 1 348
10 7 344 62 136 300 81 57 273 2 13 74
52 3 1 22 153 2 119 159
55 5 150 190 283 17 326 2 219 182
96 3 97 134 50 2 242 182
68 7 140 89 312 151 134 260 347 1 357
66 6 105 311 83 320 47 216 1 344
63 7 315 129 124 341 296 277 342 2 302 206
73 7 42 218 182 167 61 112 49 2 187 31
37 1 36 2 24 177
93 3 257 117 360 2 269 16
92 4 350 309 157 75 2 314 2
73 5 48 237 2 335 1 2 284 33
6 3 324 269 302 2 26 15
75 1 76 1 114
16 7 331 10 309 147 243 325 240 2 229 352
61 2 21 135 1 181
53 3 14 315 173 1 115
36 2 152 181 1 158
6 4 305 233 199 59 2 172 271
71 4 140 42 32 77 1 335
1 1 48 2 211 308
16 2 203 17 1 190
97 5 237 244 77 145 76 1 175
46 2 96 82 1 152
40 7 37 18 309 18 59 119 50 2 177 184
1 1 86 2 304 162
17 2 135 147 1 275
95 6 345 96 246 12 9 222 1 112
93 7 122 243 125 350 271 76 359 2 306 339
11 1 102 1 315
8 5 280 13 183 135 81 1 238
77 4 359 167 121 291 1 338
38 6 330 332 9 86 21 152 1 124
46 1 240 2 145 33
19 1 19 1 53
72 1 127 2 239 215
24 7 304 72 173 192 113 32 291 1 152
59 7 283 243 20 167 27 314 283 1 124
54 4 27 21 358 270 2 76 57
97 3 267 242 32 2 344 40
44 2 335 8 1 321
16 4 124 148 184 88 1 131
82 1 116 2 172 59
24 2 65 81 1 62
10 4 182 134 32 33 2 314 48
83 3 66 245 269 2 55 226
52 6 140 36 211 358 259 277 1 283
89 1 267 1 151
36 2 231 89 2 18 218
59 5 339 262 226 79 292 2 338 280
24 3 273 282 27 2 124 9
50 3 276 22 218 1 102
69 4 232 354 266 269 1 241
87 4 276 238 317 139 1 97
76 4 62 147 293 27 2 218 297
55 1 299 2 82 35
81 4 1 338 235 6 1 132
10 5 154 169 108 32 81 1 14
37 7 217 47 171 215 118 239 215 2 346 323
65 4 6 50 139 23 2 170 137
86 7 42 169 305 170 259 219 121 1 325
4 4 284 215 20 298 2 35 325
18 7 338 327 218 317 30 246 224 1 139
60 4 150 345 12 97 2 333 220
82 4 293 83 16 47 2 9 200
27 6 273 47 231 192 108 310 1 346
35 3 33 148 122 2 139 191
60 4 298 14 197 153 1 131
54 3 270 270 17 2 265 310
93 7 70 265 271 241 318 187 241 1 69
12 7 150 9 136 342 223 329 305 1 244
66 4 321 359 203 156 2 81 78
41 6 232 34 171 344 177 242 1 36
95 1 341 2 331 309
56 5 93 298 32 327 35 1 180
10 6 153 89 132 253 335 160 2 342 57
24 4 105 232 275 276 2 190 298
26 3 70 340 324 2 37 349
70 3 326 10 319 1 342
5 1 11 1 159
34 1 170 2 46 175
94 6 153 84 26 353 151 14 1 345
41 2 235 20 1 157
84 4 123 135 349 170 2 191 255
70 1 238 1 186
49 2 299 180 1 232
9 3 140 193 191 1 344
50 1 257 2 75 21
8 7 219 157 312 36 241 42 30 2 27 356
26 7 286 13 125 240 33 21 193 2 320 173
20 6 47 280 216 198 282 172 2 290 188
32 3 317 32 198 1 117
99 2 20 182 1 122
21 7 232 75 36 349 333 311 283 2 41 257
32 1 293 2 300 103
14 4 257 232 327 19 1 322
98 1 216 1 156
44 3 339 184 103 2 189 139
44 7 243 291 292 329 122 156 230 2 351 151
31 2 88 186 2 38 264
67 2 170 331 2 93 87
48 3 10 208 14 2 78 190
89 1 119 1 21
43 6 10 65 46 244 22 94 2 348 308
59 6 123 199 259 42 340 171 1 294
65 5 224 312 140 69 175 2 166 139
27 7 126 289 297 308 72 190 38 1 20
42 3 33 116 6 1 165
48 4 327 34 291 64 2 248 172
80 7 136 360 167 135 135 188 219 1 79
32 2 232 55 1 32
87 2 211 352 2 273 10
79 7 89 16 348 10 345 329 69 2 269 307
59 3 100 96 112 2 221 275
78 1 20 1 357
67 6 229 257 271 94 338 168 1 15
22 5 347 48 309 233 115 1 104
1 3 19 330 189 2 145 184
99 6 182 315 244 9 333 104 2 226 238
72 3 97 319 359 1 296
25 5 242 88 253 162 92 1 210
66 5 8 48 285 151 315 2 273 32
45 5 11 79 108 20 131 1 275
33 3 308 47 333 1 28
63 2 322 169 2 115 343
27 4 339 280 169 94 2 17 315
74 2 8 15 1 125
26 7 267 318 124 204 211 33 54 1 24
4 6 191 217 344 95 309 97 1 73
38 3 292 217 12 1 256
64 3 342 302 87 2 296 226
44 2 102 256 1 118
34 3 269 79 92 1 243
91 6 199 245 50 352 108 329 2 1 24
17 3 309 108 307 2 255 169
24 6 215 283 309 1 187 323 1 316
95 1 48 2 218 357
64 2 122 166 2 250 149
59 3 291 326 13 2 180 165
17 5 37 229 237 23 357 1 238
46 5 353 49 49 321 269 1 300
26 3 129 65 151 1 35
41 4 20 67 17 315 1 63
51 1 247 1 247
90 6 131 145 95 310 148 300 2 205 241
9 3 131 114 75 2 283 31
9 7 290 271 6 152 240 127 70 1 245
40 2 312 141 2 269 239
72 1 269 1 325
75 5 314 184 73 55 267 1 112
64 4 89 198 55 180 2 182 123
46 6 37 277 100 297 160 149 2 160 319
97 4 57 28 41 262 2 54 180
215 463 369
0011010001010010001110000001101011111110101100011100111110010001000111110111011001011110000111110101001100101011010000000101100001101001000101010000110000000000111110001011000110001000001011100010000001010101001010011001000111010001001101011001011111101011001100011110111110000100000010100001010011100111011001010010111001100000011100100101110101100000101101001010101001101110111100001001000111111101001010000011110000010000011001111000011001101110001010100101000
97 5 248 330 371 35 109 3 184 371 361
62 1 347 1 156
7 4 287 447 100 439 2 447 399
61 3 451 50 395 2 197 88
28 4 103 3 244 331 2 258 384
58 2 373 267 4 354 257 369 96
35 2 109 265 4 249 274 458 391
35 1 332 3 449 188 86
78 4 375 394 294 392 1 87
61 5 299 439 96 374 377 2 49 67
9 5 391 297 37 251 64 4 245 266 377 200
4 5 414 197 164 220 112 2 178 121
42 3 455 122 312 1 382
15 1 247 2 287 250
61 5 181 255 140 107 100 2 416 273
81 3 178 86 373 2 405 195
21 4 19 100 161 217 1 400
13 5 400 6 50 412 144 4 151 437 373 163
88 1 216 1 171
39 1 171 4 158 399 119 407
17 1 358 2 164 141
23 1 407 3 429 361 21
45 5 342 245 165 141 258 4 53 119 332 451
29 3 258 122 391 2 410 243
30 3 15 70 142 1 189
23 5 94 85 403 297 394 3 46 160 27
44 4 264 335 236 379 2 164 317
1 2 87 4 1 172
53 1 162 3 381 53 309
9 2 322 294 3 220 173 311
15 3 35 319 388 3 247 37 350
37 1 446 4 312 221 211 389
58 1 247 4 256 227 458 412
31 2 312 369 3 166 441 416
20 3 350 195 184 2 201 398
98 5 266 74 206 407 202 1 387
81 1 346 3 20 346 63
9 3 433 427 303 1 279
25 5 46 191 306 103 266 2 109 396
59 2 298 35 4 346 20 78 318
61 2 356 64 4 251 235 10 347
69 2 55 29 3 370 382 117
52 1 75 2 456 16
7 4 249 407 292 173 4 257 88 119 5
65 1 55 1 162
100 4 302 226 60 87 4 31 219 34 189
17 2 377 162 1 335
3 4 274 173 369 35 1 235
55 5 189 208 244 346 219 2 355 306
88 4 453 410 442 216 3 438 165 51
3 4 446 172 439 98 2 399 243
33 3 379 377 112 3 304 317 330
30 1 395 3 67 71 166
51 2 338 442 4 22 183 4 103
49 3 70 400 21 2 11 400
2 3 50 410 285 2 202 397
58 2 72 246 2 1 331
12 3 389 236 55 1 15
55 2 396 370 2 31 19
5 5 370 136 253 330 354 1 43
70 4 93 375 378 244 1 130
61 5 232 16 191 249 361 3 132 112 85
41 1 6 1 196
34 3 15 272 34 2 89 389
37 4 255 389 228 151 2 404 351
16 5 107 86 249 456 257 4 94 48 73 63
39 5 164 136 241 232 60 4 239 267 222 87
57 5 122 72 255 307 171 3 338 297 69
50 1 172 3 322 416 145
91 4 6 86 109 22 1 52
63 5 161 85 394 247 43 3 154 72 201
72 2 375 238 4 443 461 174 40
25 2 52 367 1 187
57 3 332 109 318 1 110
71 4 278 412 273 27 1 453
78 3 298 317 56 4 254 357 403 143
71 5 395 322 82 274 377 4 15 293 344 17
72 4 225 355 49 299 3 257 329 178
95 5 439 132 322 202 19 3 138 203 230
19 2 160 319 2 325 48
64 5 15 351 197 347 71 1 385
13 4 206 427 200 203 3 345 225 41
82 4 323 27 388 388 1 232
18 3 279 55 230 4 322 95 320 83
36 5 96 374 93 378 381 4 367 14 332 420
34 4 110 177 151 260 1 394
94 4 338 54 160 187 4 101 198 236 116
45 5 378 63 33 442 293 1 313
10 3 338 1 342 3 282 440 389
83 4 64 385 55 404 4 455 112 364 221
8 5 35 392 278 162 145 3 204 383 96
72 3 346 104 222 1 31
42 4 138 271 6 121 4 59 418 305 286
52 2 442 461 2 77 160
90 2 396 222 2 430 12
20 2 378 208 2 248 174
85 3 427 208 380 1 30
100 4 315 400 6 117 3 157 243 211
49 3 156 52 173 4 128 111 384 170
45 1 413 2 366 371
18 5 5 84 41 142 121 2 188 30
31 4 304 273 119 307 1 400
6 1 10 1 183
16 2 374 312 4 179 463 253 68
51 2 432 74 4 443 96 331 54
30 5 202 76 87 347 74 2 127 257
95 2 4 37 3 268 432 458
75 1 265 1 453
9 2 445 157 1 83
61 5 174 306 88 64 299 4 455 145 322 425
50 3 267 211 432 2 382 20
84 2 410 350 4 361 286 356 449
59 5 132 380 351 60 461 4 312 159 134 336
74 4 433 380 156 245 1 345
32 4 31 298 16 426 3 377 216 145
60 3 63 385 111 4 100 129 257 107
62 2 397 279 3 99 54 214
65 4 219 202 204 14 2 260 149
17 5 353 213 377 405 371 4 457 186 6 29
37 1 445 3 333 83 26
89 5 457 425 344 57 122 2 75 359
59 4 15 69 243 222 3 130 97 290
62 4 353 67 294 335 4 152 237 371 280
72 4 239 345 410 232 2 410 292
13 3 136 248 371 3 267 61 171
76 2 94 6 3 317 47 24
5 1 426 3 229 242 382
3 3 247 243 341 4 214 314 3 94
79 5 346 414 293 431 460 2 356 398
57 4 49 273 5 181 2 23 344
53 1 257 1 425
7 3 154 132 374 1 109
55 5 68 6 418 443 114 1 80
23 5 112 329 162 273 346 3 144 159 411
82 3 259 162 73 3 428 364 181
28 2 404 4 2 139 114
81 2 269 222 2 172 378
97 1 244 3 351 241 275
77 4 93 143 285 171 1 162
39 2 249 240 1 378
67 5 287 367 267 453 158 3 13 109 200
43 3 174 250 38 4 71 327 26 265
32 1 238 3 448 354 68
63 3 29 131 67 2 41 144
15 2 445 379 3 410 137 451
11 4 141 4 56 213 4 284 73 365 448
25 2 109 134 4 235 267 95 280
30 2 240 239 3 155 191 100
79 2 41 17 2 279 358
12 1 457 2 61 444
70 3 204 161 202 2 108 413
20 5 347 104 59 1 137 4 45 311 445 94
88 3 431 432 305 1 455
89 5 427 46 238 110 385 1 192
29 3 447 88 241 4 168 438 174 380
66 5 286 441 319 156 365 1 205
90 4 99 132 23 37 1 382
57 1 246 1 310
45 5 382 28 139 327 144 4 372 159 353 395
6 1 333 4 74 434 315 1
25 4 398 77 27 172 3 204 459 394
38 4 460 28 138 187 4 357 345 16 353
31 5 367 246 381 307 425 4 164 206 372 96
51 5 381 389 314 31 338 1 253
89 4 438 200 125 322 2 433 385
20 5 78 84 56 103 366 1 147
68 3 393 82 254 1 90
24 3 394 338 441 3 280 201 324
79 2 90 84 4 128 57 103 260
32 4 160 329 456 411 1 67
16 1 67 4 97 387 251 317
21 1 129 1 255
57 5 251 103 318 242 137 1 47
73 2 111 198 1 375
50 4 100 21 380 455 1 219
54 4 293 138 341 168 2 119 15
92 1 183 1 404
80 4 130 156 338 399 2 353 32
90 5 375 67 405 304 157 2 396 404
7 1 439 2 368 263
71 3 59 154 359 1 169
99 5 355 319 147 411 179 1 23
2 1 285 4 260 282 62 456
41 4 164 327 391 160 2 263 174
52 2 412 394 2 110 300
51 2 447 165 3 151 3 463
93 5 54 60 57 458 63 4 418 279 135 127
82 3 89 35 191 3 212 422 156
20 4 12 121 178 228 3 453 165 460
58 5 168 157 300 73 347 1 252
53 4 249 315 320 453 4 100 342 192 230
39 3 11 393 186 4 167 154 206 376
61 2 332 329 4 224 276 317 426
34 3 10 13 378 4 340 241 34 172
7 4 170 143 214 159 3 49 172 78
86 2 399 413 3 249 410 94
12 2 99 34 4 204 373 267 278
19 1 79 2 295 425
63 5 407 33 11 314 62 2 337 245
88 5 170 335 86 446 429 2 248 356
100 5 391 75 293 307 220 2 201 430
91 4 197 50 411 383 3 3 321 368
85 1 158 2 291 153
81 3 57 225 203 2 246 109
42 2 71 20 3 71 136 275
79 1 162 4 383 359 261 258
78 1 382 2 294 422
13 3 372 20 171 2 257 20
14 5 144 264 280 279 272 3 161 232 414
97 5 39 413 325 83 10 3 395 58 90
44 4 275 350 416 347 4 28 44 389 207
2 3 272 23 162 3 104 125 356
85 4 39 143 318 254 3 18 85 420
25 4 200 220 295 17 3 179 26 394
40 5 241 103 247 404 197 3 143 369 454
281 170 92
11001010001100110001100000110001110110010000000000100001000010000001101000010011000011001010010001001111000110101001100000010100100000111000110000011001001000100000001001
88 3 101 89 61 7 11 137 96 167 100 78 83
63 3 61 167 32 9 39 46 109 52 18 45 160 60 76
26 8 129 45 167 167 89 113 71 89 8 11 114 155 153 96 6 50 152
41 7 109 155 2 142 91 68 18 3 107 54 157
84 5 1 102 46 68 86 2 114 105
52 6 113 136 167 61 45 167 4 49 91 151 46
45 9 18 116 61 54 28 11 80 69 60 5 36 87 55 104 113
77 3 56 135 105 2 102 125
58 10 12 114 36 20 137 54 50 21 89 2 6 167 60 150 55 144 13
93 10 5 7 89 101 153 54 21 105 137 137 5 136 72 37 104 90
22 8 108 1 78 37 6 137 117 15 9 127 122 157 107 59 157 122 121 11
1 2 105 148 5 97 99 64 29 4
26 3 107 50 137 1 105
76 2 7 7 10 52 122 115 113 2 30 15 115 168 24
5 1 129 2 59 151
60 8 7 142 111 32 126 117 114 111 9 149 1 110 18 56 83 133 76 98
5 8 137 152 7 111 104 76 20 153 3 132 122 72
36 9 114 46 133 160 78 150 11 107 39 5 39 158 97 121 109
52 2 109 32 4 102 93 11 55
70 5 50 99 86 158 4 4 73 56 7 161
74 5 15 33 34 39 127 7 89 12 5 1 122 102 169
61 6 39 27 80 98 132 132 1 26
4 6 108 29 11 1 159 45 10 129 147 125 108 86 163 83 138 6 98
29 1 32 4 93 145 167 134
81 3 20 83 124 5 170 57 96 30 73
14 1 80 2 73 72
96 2 30 157 6 94 141 73 44 107 117
42 10 27 122 7 89 51 145 145 15 55 76 6 117 66 166 147 34 63
74 6 108 121 170 60 133 147 4 162 88 124 36
22 7 59 169 114 52 46 113 88 9 42 2 15 117 128 146 99 167 91
44 1 7 1 120
86 2 79 109 6 162 95 26 101 89 49
78 10 101 158 54 40 148 50 103 148 141 45 4 33 80 134 128
79 6 170 153 104 155 42 79 2 145 7
18 3 24 18 45 7 146 118 153 149 44 95 149
61 2 45 56 2 133 166
97 3 138 64 135 9 61 145 154 1 127 14 156 161 124
8 1 109 9 124 151 23 169 169 131 32 139 84
78 6 95 104 40 71 33 100 1 110
51 1 63 1 74
10 10 97 103 149 161 40 129 76 142 29 142 2 115 44
41 6 1 49 118 59 87 15 9 68 11 8 80 95 74 88 105 38
40 3 61 105 30 8 106 70 57 1 27 1 131 170
81 9 97 85 12 1 23 133 116 4 170 1 36
52 6 144 60 142 90 122 89 3 38 41 43
6 4 41 163 161 97 2 163 159
90 4 115 29 109 166 6 130 27 30 22 143 136
89 5 95 2 127 32 39 1 115
55 7 161 153 54 102 64 109 98 2 9 102
31 3 45 13 72 5 109 30 112 18 34
36 7 114 126 6 42 153 121 107 8 131 161 64 111 51 104 87 17
77 7 91 104 80 91 122 138 124 4 74 159 132 12
90 7 93 98 55 78 167 36 68 10 28 117 37 22 65 127 59 87 16 42
82 4 69 86 34 153 4 97 144 20 70
94 5 83 42 151 33 163 5 73 166 49 154 34
1 2 71 124 4 45 114 78 27
72 10 137 103 55 161 128 122 20 166 39 45 2 67 49
75 9 98 134 52 162 8 14 17 59 108 1 76
59 7 36 52 39 43 137 42 51 3 62 25 87
73 10 113 106 27 129 100 107 71 43 89 138 1 55
57 10 7 118 46 148 67 90 26 115 103 30 7 96 11 84 120 86 31 81
44 8 166 50 46 45 24 49 54 167 2 91 71
29 9 88 161 142 32 20 61 163 84 142 5 80 68 93 91 113
12 9 1 18 157 101 57 90 125 46 151 9 154 72 28 117 145 67 148 56 45
82 2 7 83 4 60 48 26 152
44 8 126 48 33 46 116 59 12 37 7 148 164 88 21 162 115 142
75 4 157 129 169 74 3 39 95 166
18 6 98 121 138 28 81 130 4 13 158 77 15
71 10 18 144 16 147 108 142 144 63 54 57 10 9 82 79 78 10 80 84 170 99 75
44 9 113 101 133 27 152 81 105 106 27 7 51 55 21 13 25 86 96
62 8 116 97 161 139 114 89 7 32 8 151 76 61 52 77 89 42 145
2 3 136 168 43 2 98 9
51 9 166 94 109 79 37 138 80 94 8 5 17 134 48 32 22
12 10 11 6 56 156 161 129 64 98 159 8 1 138
46 6 100 62 145 111 122 73 7 54 13 145 102 18 11 155
98 1 41 5 51 115 142 18 24
80 1 170 5 72 90 47 68 70
69 9 2 168 37 121 109 158 89 27 39 1 61
40 5 14 143 94 1 96 6 34 134 166 111 21 122
31 3 29 2 132 10 94 54 96 167 169 71 48 59 6 99
65 8 84 85 151 56 76 143 56 39 1 167
55 1 21 9 118 88 92 136 154 170 78 75 138
37 4 115 127 150 108 1 34
36 3 135 142 95 9 44 139 11 110 132 53 104 103 165
47 9 41 144 38 80 148 60 166 34 101 1 109
58 3 68 153 83 3 72 14 83
22 3 90 117 117 9 40 97 144 72 108 157 71 106 86
12 7 156 164 105 169 43 141 149 8 130 24 25 127 169 115 140 108
56 3 59 151 116 1 158
49 1 80 5 119 120 168 27 80
12 1 95 9 100 86 13 74 143 47 67 134 26
20 2 45 12 9 111 126 14 10 82 40 94 50 108
68 1 114 9 112 114 87 161 49 58 119 19 3
26 6 44 47 145 89 83 11 9 20 68 135 11 150 30 147 77 132
14 5 107 113 93 13 60 1 58
47 3 141 107 75 6 60 14 60 145 27 97
81 9 82 71 87 68 103 147 51 68 10 9 87 165 164 44 84 52 101 98 153
4 8 117 86 53 16 85 57 146 49 5 62 22 149 135 50
84 5 7 124 84 91 44 4 130 29 131 34
1 3 130 31 28 10 122 138 111 72 25 40 94 141 83 36
65 10 111 80 47 169 17 110 155 17 95 53 6 86 61 53 33 64 6
20 5 76 99 86 167 56 2 83 53
17 2 161 104 5 109 10 30 39 99
45 5 106 97 3 137 33 10 32 137 50 29 12 84 43 136 17 98
65 6 169 63 2 87 157 84 8 41 151 39 32 170 110 166 57
88 10 131 18 76 54 66 78 129 97 66 109 2 29 151
79 5 111 132 4 66 102 10 70 152 168 33 86 36 44 88 168 55
10 2 96 36 1 33
19 6 104 87 47 49 155 130 1 104
76 7 165 108 75 19 10 131 116 6 79 135 103 139 45 125
8 2 104 49 3 19 48 15
95 9 72 27 114 5 31 158 88 135 19 2 38 124
27 10 66 21 50 147 57 163 44 18 84 127 6 64 2 54 116 146 12
68 9 96 98 26 80 38 165 57 79 113 5 8 47 101 17 102
66 2 136 59 4 117 47 26 151
96 2 66 75 1 145
84 6 19 76 73 82 14 84 1 156
3 6 141 13 46 83 108 133 10 140 157 48 148 45 124 76 154 41 102
38 3 12 136 116 4 38 31 28 106
54 2 125 64 4 151 108 154 102
71 8 124 124 68 33 41 146 116 169 10 142 134 159 156 116 39 58 96 103 89
67 6 131 112 169 140 103 137 1 99
93 4 79 136 58 47 6 18 58 65 23 55 164
82 7 153 49 44 83 107 132 99 9 170 97 164 97 163 144 117 42 146
89 5 31 46 162 53 150 7 59 56 131 8 69 38 17
49 1 166 4 157 157 128 52
32 3 73 67 29 5 26 167 130 139 42
35 4 20 9 19 16 5 161 61 97 29 165
97 4 65 61 99 148 10 36 155 81 44 48 35 116 36 19 144
45 1 48 5 126 66 52 21 108
50 7 72 92 4 33 150 86 107 10 16 38 50 157 99 41 26 70 136 10
66 9 127 9 133 18 36 44 7 27 145 3 118 6 47
40 5 99 36 133 64 1 8 99 143 100 16 7 131 59 131
5 5 163 134 133 122 115 5 120 144 165 26 47
63 8 92 141 80 59 103 53 136 150 2 169 38
87 8 134 44 89 139 1 130 126 94 8 108 124 137 56 22 138 138 161
70 4 102 135 164 138 9 31 170 9 21 151 98 147 140 41
31 1 87 7 25 54 76 7 83 59 19
3 5 10 22 27 111 58 9 69 33 127 117 116 51 85 113 113
49 2 105 48 5 125 113 40 106 25
14 10 154 145 4 19 146 5 121 114 153 152 7 89 53 170 17 55 127 54
95 7 159 165 12 159 68 89 132 7 124 7 32 117 78 124 88
42 5 95 47 12 55 68 6 63 149 19 108 42 146
10 5 98 14 87 146 99 9 42 157 52 6 43 82 37 105 128
83 1 109 7 39 93 131 3 68 23 120
69 4 162 134 113 115 10 89 6 151 167 33 55 3 91 21 75
12 2 40 91 5 125 139 44 74 114
82 10 111 46 69 29 137 140 62 65 71 64 10 97 44 87 54 40 51 56 146 82 126
8 4 122 104 38 107 6 42 105 152 74 1 122
30 9 159 103 134 60 87 40 60 96 49 9 55 3 147 19 106 151 72 10 97
31 10 8 62 19 34 160 84 94 37 111 116 4 161 25 73 156
78 10 100 114 170 47 142 87 22 139 98 108 10 86 85 155 19 155 16 110 52 137 85
70 7 43 140 147 169 72 6 43 8 89 93 32 107 58 62 62 101
74 3 104 64 27 3 127 48 2
86 4 90 83 169 74 4 157 121 92 33
62 4 54 129 103 122 6 150 34 99 44 104 154
86 3 23 9 75 10 9 92 162 120 94 67 78 145 131 98
60 8 22 161 160 24 135 68 103 153 3 9 134 79
90 5 129 80 13 140 10 4 18 31 57 99
20 7 7 32 22 62 66 151 12 6 127 6 64 119 39 22
84 2 162 90 7 16 3 134 60 83 59 5
81 9 82 9 131 11 130 47 153 115 30 10 133 56 92 66 94 95 24 99 129 72
70 10 69 47 19 119 10 30 61 52 108 126 8 170 21 79 12 45 142 25 124
92 5 136 56 22 163 130 7 40 77 161 165 43 129 46
94 6 3 107 49 154 107 168 4 81 17 60 48
63 9 25 101 145 132 15 129 129 11 16 4 125 28 165 41
21 1 34 1 114
1 3 168 164 32 8 126 79 32 81 23 1 125 9
59 2 147 81 6 138 72 13 42 152 63
95 1 126 2 30 81
3 6 154 35 30 68 153 93 2 98 116
48 3 112 79 68 2 95 24
84 3 73 37 10 9 85 141 95 111 102 96 105 146 29
2 5 51 35 17 91 97 5 161 28 106 73 168
9 9 72 102 60 109 94 47 130 114 31 1 70
54 10 162 139 38 38 64 158 150 63 80 46 9 59 60 134 17 86 38 7 15 121
84 7 133 146 170 95 55 86 89 2 125 154
77 6 149 129 162 71 49 128 9 11 48 30 102 163 121 114 42 82
29 6 21 20 56 86 108 111 6 8 14 44 59 22 145
39 9 60 81 24 158 50 32 49 25 161 7 67 81 91 67 144 52 73
41 2 14 36 5 49 24 138 157 33
99 6 46 93 163 51 47 145 6 3 85 136 77 112 9
25 3 54 126 62 5 74 26 25 73 96
87 9 158 5 92 17 77 152 1 107 156 4 4 157 148 135
3 10 118 130 127 72 99 135 15 90 27 5 5 108 134 163 5 86
27 1 137 3 163 89 106
74 3 163 131 69 9 12 46 12 92 161 4 35 170 17
42 9 134 48 110 91 26 66 8 73 157 5 118 97 92 44 29
73 9 10 118 165 147 23 110 34 18 100 6 21 35 76 131 111 68
87 1 168 8 117 10 141 57 69 94 46 80
49 5 45 26 133 97 77 6 60 62 145 69 89 149
75 1 151 2 82 82
79 10 130 96 131 45 11 133 81 61 162 9 5 38 65 168 81 93
10 8 116 83 47 28 138 151 18 168 4 135 74 117 54
60 10 103 150 59 3 142 139 159 8 31 68 10 153 60 32 111 44 84 30 141 126 130
8 2 93 12 9 102 63 19 144 90 160 19 104 81
66 7 158 125 67 91 2 114 32 1 76
40 10 9 162 32 89 47 46 106 79 6 149 2 5 47
26 8 145 65 15 158 138 44 98 80 10 85 105 153 53 37 27 119 10 40 18
49 7 128 91 64 71 137 108 134 6 35 38 47 148 119 99
6 4 166 26 28 114 3 151 163 11
7 9 38 120 97 146 144 81 163 65 47 8 118 22 20 54 156 122 23 50
30 8 98 131 165 43 1 144 161 40 1 110
24 7 6 131 58 40 140 34 163 8 115 149 5 58 108 66 30 127
15 6 119 102 15 16 11 10 6 131 5 152 74 142 16
66 8 13 5 126 130 28 10 152 55 9 163 45 11 141 160 60 15 54 12
66 4 58 140 17 81 9 42 58 11 99 118 7 25 168 75
7 4 144 94 22 106 1 164
41 6 53 151 34 167 115 150 1 58
99 2 6 113 7 45 10 166 48 62 70 67
34 10 161 161 151 30 143 64 19 106 24 122 3 113 92 157
52 8 4 160 88 139 65 18 25 52 8 34 127 102 133 51 74 102 151
32 7 21 63 132 148 143 3 4 9 147 133 115 41 156 55 122 18 36
87 1 76 9 151 138 78 18 124 100 127 109 37
96 7 97 26 156 140 147 38 70 4 93 116 70 133
90 8 91 73 54 39 55 66 155 151 3 8 116 147
59 3 153 170 60 1 1
59 6 4 75 39 109 167 60 7 9 59 161 90 3 43 61
42 2 15 87 6 133 136 36 111 129 114
18 9 70 155 20 13 81 82 105 101 160 1 8
74 1 110 4 18 141 98 155
85 8 108 64 30 132 162 40 145 138 2 38 122
51 8 5 131 83 169 29 27 56 44 10 22 10 53 55 78 43 139 41 6 129
69 5 158 137 94 94 6 2 96 132
1 4 36 112 142 15 4 7 59 39 160
68 1 95 1 100
3 1 36 4 24 10 13 104
17 1 104 2 25 54
70 4 161 38 80 6 5 77 107 107 58 44
92 9 79 98 146 142 54 19 163 126 89 4 10 94 95 77
75 3 137 34 75 8 85 138 109 96 11 138 73 145
75 4 39 121 61 107 2 148 138
88 2 121 126 1 16
48 7 109 33 73 44 37 40 67 4 31 17 2 18
7 9 145 155 3 117 82 8 9 25 2 10 134 103 10 128 28 33 102 155 87 49
60 5 16 139 145 159 133 3 2 129 156
97 6 83 104 35 117 108 37 5 6 140 16 37 80
66 2 121 168 7 73 126 159 139 19 134 166
51 2 89 96 3 152 117 83
81 2 84 66 4 54 120 169 163
17 6 131 169 137 56 79 104 9 19 33 29 19 12 113 117 17 98
9 3 138 148 152 8 61 37 44 150 99 150 27 138
18 9 21 109 26 12 153 65 37 113 14 8 167 114 14 39 103 100 114 36
98 9 143 27 120 127 103 170 138 161 10 6 125 51 13 111 146 136
93 4 154 96 90 71 8 61 92 114 3 139 21 45 86
53 5 36 160 99 153 59 4 119 68 32 92
73 5 3 76 15 42 1 3 43 72 157
7 3 70 109 129 6 135 163 60 10 125 71
53 1 159 5 113 102 119 129 98
33 6 128 51 135 101 57 28 9 94 52 55 92 152 91 74 25 153
93 9 90 60 10 164 31 144 133 101 169 8 50 83 45 114 87 124 148 18
12 2 158 61 9 52 75 140 52 20 105 2 106 99
14 9 90 133 165 48 67 1 23 133 17 9 28 28 135 115 110 165 53 39 36
17 3 36 120 49 1 145
10 6 98 106 20 25 113 124 6 46 130 147 170 87 67
63 3 47 109 32 9 25 107 132 85 89 99 11 31 72
86 6 50 136 146 4 150 169 9 35 72 128 129 129 53 135 57 29
22 9 27 150 101 21 98 102 125 44 105 7 37 149 22 73 126 19 19
25 7 137 157 138 35 139 94 142 8 112 42 95 39 131 130 164 65
14 10 69 78 29 21 28 26 53 50 26 119 10 129 70 159 58 62 63 94 35 66 100
79 9 110 81 114 39 113 168 64 133 72 2 100 77
46 3 53 158 136 9 123 26 136 125 139 111 61 112 11
45 2 100 101 1 165
7 8 166 22 99 20 138 73 105 29 4 69 136 48 119
3 4 162 112 6 145 3 9 22 114
29 10 18 130 10 123 144 55 17 50 81 79 9 96 47 45 102 59 146 98 147 62
10 7 116 101 9 153 87 151 17 9 138 145 38 147 82 170 140 61 23
42 9 74 123 153 101 144 24 96 26 90 1 74
21 8 91 36 131 101 106 4 104 18 10 99 103 37 92 109 108 67 119 5 71
48 5 118 32 109 74 64 6 90 18 120 139 123 47
38 10 127 60 59 157 98 18 134 170 42 70 10 159 65 146 88 30 49 108 145 50 149
60 5 80 136 18 125 101 4 92 9 74 41
100 6 128 13 136 15 122 122 8 168 11 170 94 36 155 35 41
89 4 41 156 106 105 3 26 104 59
82 6 48 37 97 118 124 81 3 165 86 105
18 5 20 92 104 13 25 8 6 73 163 109 64 35 18 100
44 8 161 74 141 79 124 147 50 8 5 110 15 9 80 108
56 10 77 13 96 60 84 129 44 163 57 85 4 123 5 163 151
40 7 152 75 79 66 136 9 1 8 87 139 140 9 38 63 19 2
41 3 157 99 125 4 136 68 105 152
98 4 103 101 55 133 6 92 27 71 130 144 93
383 162 142
101111011111110010001101101011111011011001011001111011000110101011111001101111010111010111011100000100011100100011000110111111110011001011111011010011111111111110
8 1 42 1 41
49 1 157 5 60 106 58 60 26
26 1 93 3 78 112 157
69 1 8 2 156 18
72 1 126 2 90 126
33 1 30 1 41
90 1 12 6 65 80 118 91 72 31
100 1 92 6 17 159 157 106 144 109
38 1 105 5 3 92 118 139 105
72 1 36 3 67 70 107
56 1 58 2 156 28
28 1 91 5 88 108 43 22 159
20 1 149 1 116
55 1 36 4 124 156 151 106
4 1 82 6 152 58 29 147 42 41
16 1 124 1 100
93 1 43 6 143 95 39 129 74 27
53 1 5 2 35 137
63 1 1 5 109 26 131 1 128
13 1 91 2 127 127
61 1 144 6 137 158 39 8 43 77
70 1 160 1 153
53 1 72 6 86 37 47 67 88 143
61 1 129 4 120 159 85 28
51 1 37 6 27 76 141 162 124 144
32 1 94 2 1 55
44 1 88 6 22 52 53 96 123 110
30 1 3 5 103 23 106 9 18
19 1 25 3 5 104 110
36 1 105 2 126 24
73 1 39 2 67 114
60 1 149 4 48 135 122 43
30 1 120 3 12 160 140
75 1 138 4 34 83 57 149
29 1 121 2 145 57
49 1 75 2 137 58
83 1 122 2 36 9
5 1 159 2 36 128
51 1 80 3 23 142 126
44 1 152 6 76 35 76 72 145 34
30 1 37 1 134
34 1 17 1 97
83 1 118 3 4 61 155
5 1 28 4 83 121 29 32
32 1 3 5 129 67 108 83 63
20 1 108 2 47 61
92 1 63 3 105 49 115
4 1 77 5 133 26 63 17 31
55 1 133 1 138
64 1 114 2 88 145
24 1 155 4 94 12 28 162
21 1 17 6 45 117 130 54 64 70
77 1 130 4 61 137 48 97
46 1 5 4 29 158 36 34
48 1 17 4 46 135 46 109
62 1 23 2 127 26
87 1 5 2 124 47
68 1 61 5 71 63 141 160 136
47 1 72 5 13 129 87 129 68
4 1 139 5 125 132 151 32 6
50 1 127 3 157 135 8
78 1 115 3 123 6 98
48 1 147 6 74 48 122 40 132 162
20 1 75 3 108 23 13
71 1 160 5 119 127 160 141 91
85 1 42 1 54
95 1 52 3 26 113 83
51 1 52 5 9 8 150 44 132
54 1 64 2 70 24
47 1 36 6 150 5 32 130 147 51
63 1 69 2 1 13
88 1 132 2 107 15
96 1 133 4 59 132 125 11
59 1 42 1 34
77 1 137 1 116
77 1 34 3 119 89 56
29 1 82 2 116 138
84 1 12 4 81 98 30 14
44 1 100 3 118 83 63
45 1 107 6 1 110 13 87 39 159
19 1 15 2 9 38
1 1 24 2 69 118
2 1 59 6 161 55 86 45 61 54
57 1 115 4 50 10 7 71
68 1 112 4 15 50 55 96
39 1 104 1 154
82 1 69 1 118
15 1 63 2 18 131
71 1 124 5 82 25 29 5 85
70 1 67 5 46 103 147 103 85
76 1 9 1 87
73 1 96 2 107 124
87 1 129 3 41 72 36
52 1 71 3 68 155 130
82 1 1 6 120 40 32 54 161 50
31 1 150 1 92
91 1 35 5 148 78 46 61 89
87 1 17 6 11 75 72 132 62 93
58 1 3 1 40
88 1 74 6 7 128 13 104 19 133
30 1 81 2 104 18
63 1 143 4 157 59 97 153
59 1 11 1 70
44 1 113 6 28 130 85 127 124 103
48 1 92 4 103 94 96 80
56 1 82 6 130 83 49 23 87 114
84 1 4 3 12 150 51
85 1 147 5 6 5 80 142 32
73 1 49 3 28 4 98
68 1 115 6 118 112 54 31 68 44
31 1 145 5 81 64 126 13 104
92 1 135 6 79 72 81 92 66 159
23 1 42 2 43 137
26 1 157 5 22 135 123 44 21
65 1 82 6 137 1 149 94 19 12
62 1 3 4 61 138 123 71
82 1 67 5 67 123 107 94 61
68 1 55 5 18 125 161 4 92
41 1 72 2 111 110
25 1 89 4 125 28 158 152
16 1 68 1 12
88 1 151 6 35 9 2 17 109 10
92 1 38 1 9
51 1 88 3 80 97 158
84 1 30 5 68 64 132 90 55
47 1 40 2 86 62
11 1 3 5 129 61 111 51 106
13 1 146 1 13
50 1 89 5 81 13 158 65 153
43 1 51 3 128 50 115
9 1 55 6 87 90 20 98 22 80
20 1 95 6 154 6 159 5 120 121
42 1 83 1 143
96 1 9 5 130 45 8 146 13
53 1 115 1 134
32 1 50 3 117 35 32
47 1 75 2 21 15
73 1 161 2 12 34
27 1 135 3 135 81 130
35 1 50 5 42 64 50 103 146
50 1 125 3 137 128 50
6 1 159 4 62 21 13 138
45 1 144 5 28 20 5 45 68
73 1 158 2 22 114
10 1 80 4 95 120 119 130
27 1 134 3 20 97 73
4 1 71 1 110
92 1 103 6 27 115 99 114 62 39
8 1 110 5 115 104 22 114 141
79 1 146 4 145 10 33 78
58 1 44 1 30
100 1 139 2 8 160
50 1 39 2 95 127
91 1 74 5 70 17 120 44 67
63 1 71 6 94 15 140 109 20 84
57 1 113 3 39 157 108
78 1 58 4 97 28 68 46
2 1 25 6 87 1 87 130 38 4
88 1 24 3 20 124 35
7 1 63 5 87 118 35 132 115
96 1 148 2 56 7
38 1 40 2 58 66
25 1 70 6 142 103 98 86 6 59
37 1 81 3 31 28 49
89 1 7 3 65 86 97
11 1 132 4 98 28 78 124
31 1 123 4 147 133 20 21
70 1 64 6 18 121 88 30 113 69
51 1 31 3 84 96 89
40 1 59 1 21
66 1 25 6 135 43 30 127 162 145
26 1 27 1 142
48 1 15 5 146 109 55 93 41
80 1 156 4 125 94 39 12
82 1 96 5 124 71 149 19 159
7 1 157 5 50 124 94 34 116
47 1 24 1 139
57 1 117 6 96 60 82 116 98 111
63 1 104 3 126 32 19
100 1 109 1 60
27 1 4 2 11 33
25 1 47 5 114 80 143 154 47
4 1 138 5 104 113 25 40 60
50 1 133 5 106 26 112 95 107
32 1 150 2 73 8
70 1 121 4 11 117 47 135
31 1 79 6 65 150 49 42 44 57
51 1 72 2 91 15
86 1 126 1 96
85 1 146 5 20 152 42 85 44
23 1 82 1 101
98 1 144 3 23 46 78
92 1 12 3 60 80 16
21 1 135 3 84 65 152
97 1 109 5 69 95 142 97 43
98 1 82 2 113 138
28 1 15 4 160 106 133 150
4 1 34 5 47 118 45 5 10
99 1 42 1 83
39 1 111 4 57 146 137 152
71 1 74 1 49
40 1 143 6 123 137 162 126 144 124
57 1 117 5 92 9 55 96 40
99 1 21 5 156 155 120 95 26
71 1 130 4 68 58 100 113
13 1 7 3 95 82 83
22 1 38 6 139 144 67 71 67 105
55 1 98 2 155 161
61 1 156 1 149
84 1 6 6 47 143 2 144 152 1
7 1 142 5 137 4 46 12 22
41 1 38 5 6 123 54 46 19
95 1 50 6 104 120 80 15 55 75
79 1 37 5 78 62 114 6 63
1 1 96 4 142 106 60 138
71 1 114 6 19 109 131 123 98 137
92 1 29 5 34 149 161 28 26
89 1 110 4 121 25 84 125
89 1 120 6 54 147 151 35 84 93
20 1 21 5 52 126 104 82 78
84 1 143 6 96 111 134 13 10 12
1 1 22 1 88
83 1 53 3 7 153 32
12 1 110 4 133 38 158 84
78 1 78 6 89 70 72 10 19 39
50 1 88 6 130 30 45 21 135 85
57 1 138 6 3 23 67 37 84 3
47 1 147 4 23 69 89 59
85 1 109 5 24 2 54 36 103
14 1 70 1 152
39 1 10 5 42 44 36 44 139
94 1 10 4 122 113 121 6
67 1 18 4 69 10 17 145
28 1 155 2 146 156
78 1 29 1 78
19 1 141 6 93 34 63 159 93 32
63 1 40 5 115 54 98 160 22
15 1 146 3 94 158 135
2 1 66 6 134 1 41 44 142 25
9 1 38 5 146 77 148 142 87
94 1 41 4 109 2 8 79
7 1 133 2 64 134
71 1 99 6 103 144 150 53 15 7
85 1 23 2 60 118
64 1 9 2 124 40
88 1 26 2 137 149
61 1 115 3 161 100 6
44 1 66 3 90 102 4
69 1 25 2 40 50
88 1 55 3 95 18 48
50 1 121 4 71 103 96 93
85 1 69 6 78 120 9 26 31 148
22 1 147 2 12 160
67 1 116 1 146
34 1 55 2 118 25
75 1 81 1 48
56 1 137 3 151 15 88
64 1 156 1 105
12 1 148 1 33
50 1 12 4 141 25 162 68
58 1 77 5 65 62 128 125 85
94 1 123 3 142 20 87
18 1 24 3 122 42 142
6 1 117 6 160 120 39 81 144 13
29 1 146 6 59 42 159 109 100 110
26 1 71 1 157
4 1 148 4 110 35 77 127
92 1 70 4 119 115 61 84
64 1 62 6 41 106 43 151 45 24
16 1 82 3 36 127 135
6 1 10 1 34
79 1 134 5 15 51 88 147 125
35 1 101 6 124 56 124 63 51 115
60 1 18 2 32 17
98 1 65 1 152
65 1 153 1 52
68 1 62 6 122 140 60 14 86 50
44 1 21 2 113 156
65 1 100 6 139 105 76 161 61 82
83 1 88 6 161 73 26 151 61 53
4 1 136 3 32 15 51
83 1 53 3 102 83 131
18 1 81 1 101
88 1 128 5 27 126 153 69 115
17 1 156 5 153 7 37 108 131
2 1 29 6 34 112 79 140 103 151
52 1 86 2 22 11
77 1 105 2 33 45
3 1 79 2 2 148
84 1 81 6 70 159 32 99 98 8
1 1 63 2 72 44
15 1 46 1 104
38 1 82 3 117 74 134
78 1 132 2 103 123
71 1 108 4 62 152 160 103
9 1 146 5 74 115 97 120 12
55 1 57 5 160 129 117 153 84
90 1 151 2 98 116
72 1 7 2 157 39
19 1 158 3 67 131 162
21 1 110 3 154 44 85
97 1 26 1 31
1 1 30 5 155 109 36 107 103
84 1 35 5 104 141 91 100 109
53 1 55 3 132 53 25
56 1 139 4 104 15 70 89
34 1 3 4 43 90 141 99
98 1 22 3 30 93 95
92 1 57 6 76 44 130 18 28 162
58 1 136 4 89 125 4 150
44 1 112 5 3 136 71 35 55
99 1 42 3 144 138 33
85 1 50 2 8 72
55 1 85 2 141 108
26 1 136 2 32 8
12 1 67 2 45 90
30 1 113 2 19 103
42 1 126 1 81
90 1 117 6 2 104 35 31 132 95
2 1 17 2 15 103
67 1 29 5 56 100 119 150 11
66 1 158 3 63 108 24
46 1 151 2 31 102
49 1 16 5 31 69 70 80 38
53 1 20 1 4
80 1 160 2 103 31
39 1 74 1 34
5 1 38 2 91 59
23 1 4 3 142 30 15
6 1 51 2 4 6
15 1 101 3 89 35 24
95 1 121 4 99 27 86 116
32 1 111 1 62
40 1 51 6 131 156 95 132 102 62
44 1 93 6 4 3 34 139 153 90
11 1 25 1 109
54 1 147 2 65 155
90 1 130 2 68 38
87 1 143 3 138 119 30
87 1 40 4 87 161 73 12
36 1 49 3 43 85 53
88 1 143 1 11
19 1 132 3 86 124 95
57 1 37 2 85 143
70 1 135 5 162 106 62 153 24
69 1 93 3 148 18 66
78 1 148 1 132
32 1 15 1 135
90 1 3 4 40 75 80 134
58 1 116 2 101 155
71 1 93 2 85 101
61 1 121 1 17
67 1 157 1 154
16 1 73 5 32 148 1 21 155
38 1 37 1 110
72 1 107 4 140 129 140 64
89 1 127 2 49 72
96 1 10 5 108 88 133 76 78
91 1 141 3 46 68 116
53 1 111 1 49
66 1 108 2 78 121
61 1 89 1 23
31 1 3 3 98 97 100
76 1 136 5 91 103 129 110 48
91 1 160 1 48
78 1 119 1 32
18 1 44 1 75
78 1 41 3 140 40 98
49 1 34 3 131 83 128
100 1 52 6 24 119 142 114 21 92
72 1 146 1 151
87 1 158 1 45
77 1 46 4 161 113 160 158
53 1 136 6 22 71 142 80 16 114
78 1 128 3 45 82 130
40 1 76 5 93 101 145 1 88
2 1 138 4 11 65 71 157
20 1 62 4 59 71 136 15
16 1 100 2 91 1
37 1 112 2 7 156
7 1 121 3 43 129 45
12 1 133 2 75 106
64 1 125 5 45 151 5 77 152
496 82 23
0000000001000010001100000000000000101000000100000000100110000000100001010000000001
67 1 35 5 7 71 11 32 80
13 1 53 6 49 26 63 24 59 33
53 1 26 7 35 33 75 55 51 58 55
8 1 53 6 30 16 70 77 43 2
12 1 51 3 24 63 26
19 1 55 6 43 36 6 44 9 73
44 1 63 1 82
39 1 24 6 40 46 1 28 47 7
81 1 80 2 64 17
81 1 51 3 16 77 46
83 1 71 2 59 23
21 1 49 7 72 34 46 61 59 61 54
53 1 6 3 44 78 44
86 1 37 3 53 68 78
66 1 51 4 9 66 21 56
3 1 61 5 20 68 19 5 5
92 1 80 3 77 30 35
69 1 59 4 21 7 49 46
4 1 58 6 52 41 34 38 35 4
68 1 33 4 77 8 63 50
75 1 23 1 32
98 1 34 1 20
47 1 33 2 3 5
5 1 73 4 69 64 19 56
31 1 52 3 30 68 40
8 1 70 3 58 60 25
81 1 78 6 40 58 33 74 68 2
10 1 34 6 31 75 36 57 17 57
27 1 25 3 82 58 24
37 1 24 4 78 2 73 4
6 1 56 6 44 57 44 9 37 49
70 1 3 5 70 77 55 38 26
6 1 5 6 43 65 8 70 23 55
47 1 37 5 15 18 8 21 58
32 1 20 6 75 33 82 28 81 25
56 1 71 3 82 38 71
22 1 44 7 74 53 24 52 61 30 8
60 1 5 7 66 52 75 44 32 18 54
33 1 51 4 9 54 26 25
93 1 28 6 35 28 29 70 30 74
54 1 58 4 81 17 24 75
82 1 37 6 34 18 71 71 63 36
80 1 46 5 15 46 30 39 81
81 1 50 3 82 70 15
12 1 2 7 66 22 32 1 4 66 76
44 1 35 5 1 33 54 70 54
29 1 56 3 11 63 22
42 1 44 4 19 45 18 70
87 1 11 2 65 56
31 1 26 2 3 43
49 1 2 2 48 32
53 1 50 6 21 75 67 47 56 27
86 1 81 3 64 11 74
89 1 53 1 4
59 1 40 2 2 69
100 1 40 5 45 70 33 77 26
22 1 50 3 77 75 37
96 1 50 2 73 73
37 1 68 4 79 80 2 3
37 1 50 6 20 29 74 15 33 54
63 1 79 2 32 72
81 1 51 6 37 4 19 33 1 55
57 1 36 3 41 2 46
30 1 69 3 75 30 15
49 1 59 4 23 37 7 77
65 1 53 1 15
67 1 5 2 8 47
76 1 65 7 58 62 54 19 16 38 50
21 1 70 4 37 24 46 31
38 1 59 6 10 69 48 5 60 10
47 1 64 5 77 6 34 77 20
17 1 68 6 24 19 40 28 61 62
90 1 52 5 31 72 29 68 64
47 1 79 7 14 81 44 63 14 75 1
47 1 20 7 40 24 81 15 57 45 78
97 1 35 4 12 39 54 13
26 1 62 1 38
45 1 1 1 30
92 1 2 3 72 16 26
27 1 17 3 35 13 40
10 1 56 6 74 33 22 14 26 45
47 1 33 1 20
77 1 81 6 21 64 46 53 46 39
12 1 52 3 28 41 15
66 1 35 3 64 22 56
46 1 34 7 52 55 70 38 72 13 32
96 1 73 4 72 49 60 15
31 1 53 7 1 54 39 80 70 9 25
49 1 72 6 74 22 43 21 74 3
58 1 5 1 68
74 1 39 5 78 69 41 67 53
56 1 3 4 9 45 30 62
80 1 28 7 32 49 23 66 14 77 1
64 1 22 1 68
12 1 32 5 53 32 66 50 53
27 1 29 1 72
40 1 12 3 24 22 45
72 1 55 4 74 11 49 14
44 1 30 6 2 36 33 77 54 68
79 1 28 1 43
79 1 12 7 25 1 13 35 2 24 25
10 1 67 2 7 56
1 1 6 3 52 55 48
53 1 72 7 57 53 13 68 6 29 18
52 1 1 6 65 59 46 67 57 1
19 1 40 7 30 60 14 55 40 68 68
12 1 3 3 50 29 40
37 1 46 7 9 26 67 18 62 3 76
92 1 49 5 43 78 43 52 36
77 1 82 3 76 70 58
52 1 13 2 55 70
27 1 22 1 65
57 1 44 2 33 70
30 1 48 4 50 27 15 34
26 1 74 5 15 23 7 48 69
57 1 38 4 65 39 24 3
40 1 38 7 18 35 20 36 60 13 64
88 1 16 4 32 37 44 63
29 1 53 1 22
69 1 58 5 34 15 62 33 62
18 1 41 4 22 9 61 37
76 1 74 4 59 41 43 22
93 1 21 5 14 75 27 66 61
47 1 47 2 39 33
56 1 69 4 69 48 9 64
81 1 40 4 2 73 41 78
26 1 57 2 75 29
21 1 30 4 72 63 60 20
63 1 29 3 46 5 58
42 1 27 3 75 12 79
65 1 58 6 26 33 55 11 26 7
39 1 26 6 34 35 50 18 79 54
79 1 1 3 3 58 80
44 1 2 1 60
61 1 52 2 15 47
31 1 24 1 6
39 1 20 3 11 13 77
82 1 69 1 38
95 1 59 5 61 26 32 77 1
69 1 63 7 19 80 60 29 41 21 47
99 1 21 2 58 80
60 1 55 4 55 57 49 36
9 1 20 6 58 74 52 47 81 25
33 1 69 1 37
91 1 30 6 65 59 3 32 43 32
87 1 8 6 6 64 22 15 79 38
94 1 4 1 13
88 1 78 2 3 27
65 1 13 3 67 59 72
61 1 54 5 20 58 79 69 6
44 1 75 5 82 33 6 59 28
89 1 16 6 55 63 66 41 3 38
79 1 9 6 54 72 9 15 54 18
92 1 9 2 57 23
49 1 50 5 69 67 54 30 36
89 1 40 3 77 58 76
43 1 55 7 36 38 17 4 47 24 15
94 1 54 6 42 64 29 21 14 37
50 1 31 7 72 34 32 28 42 48 28
83 1 25 7 15 8 79 8 6 6 46
51 1 47 4 31 62 39 32
55 1 25 6 78 24 14 8 22 48
26 1 34 1 6
34 1 44 7 17 29 3 42 10 78 45
17 1 8 6 46 40 3 81 18 58
30 1 5 7 24 64 33 70 77 27 38
52 1 72 1 81
64 1 76 5 47 42 54 17 17
52 1 4 6 39 9 52 24 24 79
42 1 62 7 41 31 48 42 55 81 11
35 1 79 5 54 75 17 6 82
79 1 78 3 69 26 32
51 1 69 2 58 81
31 1 42 3 72 76 20
32 1 46 7 70 34 33 49 69 48 39
1 1 12 2 29 21
48 1 76 5 10 40 72 37 34
88 1 75 5 76 37 65 72 62
80 1 80 5 18 2 79 42 27
91 1 58 3 44 3 44
57 1 2 3 72 46 71
8 1 13 1 56
26 1 13 4 32 18 78 38
83 1 37 7 50 13 10 61 13 59 42
83 1 49 3 71 54 23
71 1 26 7 70 53 49 80 68 12 43
89 1 61 3 67 55 7
91 1 43 4 2 28 52 27
84 1 2 2 33 70
100 1 75 4 26 16 7 30
12 1 33 1 10
100 1 53 5 72 54 25 58 53
97 1 55 5 78 49 14 6 54
29 1 39 2 71 79
17 1 54 5 67 10 80 55 70
50 1 49 3 69 2 17
15 1 37 6 36 74 12 20 55 61
77 1 12 2 26 53
80 1 58 5 4 57 33 74 44
69 1 79 7 76 78 53 2 25 12 15
32 1 29 6 25 50 55 38 70 2
56 1 16 6 72 66 26 79 53 75
6 1 1 6 19 81 11 11 73 59
67 1 43 7 54 60 80 11 7 50 71
47 1 42 4 51 60 14 81
34 1 39 4 62 70 13 59
24 1 72 4 65 22 2 14
25 1 40 4 54 13 27 49
4 1 7 2 49 54
62 1 71 4 5 65 38 70
20 1 73 6 80 56 61 43 47 58
35 1 25 6 20 45 66 51 15 29
81 1 69 5 74 22 58 58 66
100 1 63 6 32 36 48 48 18 28
49 1 54 4 40 56 12 63
77 1 16 6 8 58 80 52 55 53
61 1 67 7 77 82 16 45 14 14 63
17 1 60 5 43 37 47 27 82
46 1 47 3 14 82 20
25 1 37 3 82 75 4
71 1 39 5 46 35 37 71 55
22 1 7 1 33
85 1 59 4 82 38 41 60
86 1 5 5 65 58 26 30 51
38 1 77 7 28 29 82 56 47 65 48
81 1 36 7 18 26 43 51 4 76 22
49 1 31 4 45 61 55 17
2 1 9 4 5 73 26 71
9 1 70 1 47
40 1 45 1 63
46 1 28 1 25
1 1 61 7 29 75 78 76 21 71 40
92 1 20 4 14 20 50 28
54 1 54 6 4 5 60 9 50 26
50 1 33 4 54 73 68 78
3 1 75 5 72 4 31 14 61
67 1 39 4 61 39 9 13
32 1 14 7 62 25 81 38 34 68 68
90 1 11 4 61 43 1 24
18 1 71 5 29 34 17 64 1
68 1 26 1 14
37 1 5 3 51 68 17
48 1 47 3 30 9 15
9 1 33 6 52 81 30 24 57 72
96 1 18 2 51 46
40 1 77 1 64
25 1 23 5 19 82 56 11 28
73 1 52 2 23 26
78 1 32 3 12 60 9
67 1 47 7 59 17 11 35 30 1 62
98 1 35 4 22 45 41 55
69 1 40 1 64
61 1 52 4 65 57 32 65
3 1 33 2 30 7
38 1 76 4 75 1 11 46
90 1 51 3 49 53 54
16 1 38 3 16 22 35
41 1 32 6 67 43 14 20 22 82
63 1 1 4 57 67 63 73
69 1 16 3 60 70 31
84 1 53 7 62 82 13 78 60 5 50
67 1 12 2 55 61
89 1 19 5 36 64 27 15 14
44 1 76 4 57 57 70 15
95 1 44 6 49 65 41 32 49 44
80 1 74 3 20 13 19
80 1 71 2 51 3
89 1 1 4 27 49 43 33
92 1 75 6 75 47 36 47 14 15
26 1 40 2 35 42
81 1 77 7 31 70 59 66 42 62 32
37 1 53 2 32 2
41 1 75 7 6 15 1 24 79 29 71
20 1 35 4 74 23 53 54
28 1 75 5 46 35 50 37 2
95 1 1 5 30 81 11 1 10
56 1 32 2 65 58
48 1 65 5 69 7 44 5 72
78 1 48 4 59 61 67 36
25 1 32 7 6 52 1 52 8 36 59
6 1 63 1 20
1 1 48 7 4 50 18 68 77 78 7
73 1 41 1 77
62 1 46 4 20 75 55 43
69 1 13 1 31
14 1 4 6 58 36 17 58 9 75
69 1 47 6 72 3 68 18 10 36
90 1 39 7 48 76 78 39 76 58 2
12 1 59 4 2 65 47 71
15 1 65 3 79 38 68
73 1 75 4 22 38 21 56
86 1 52 6 24 63 82 55 81 65
75 1 22 4 76 74 63 23
25 1 81 5 72 40 43 6 49
72 1 61 7 40 71 20 40 61 21 65
90 1 33 1 53
32 1 11 5 37 32 52 12 65
31 1 63 1 62
62 1 5 6 52 53 46 37 46 38
19 1 38 6 41 59 61 11 33 44
82 1 57 6 15 10 24 29 37 71
80 1 80 4 62 62 40 33
21 1 69 1 63
46 1 58 7 61 9 77 20 28 2 30
66 1 66 7 40 75 37 81 74 23 11
81 1 75 5 27 34 31 21 61
98 1 60 5 1 1 52 23 4
26 1 70 3 73 14 60
36 1 72 1 57
90 1 21 6 49 10 28 60 39 63
91 1 12 1 62
66 1 66 5 54 44 22 80 4
3 1 44 1 82
96 1 8 2 13 81
66 1 29 1 19
98 1 52 5 12 10 47 49 13
6 1 45 5 65 22 41 27 52
6 1 30 1 67
64 1 59 7 55 3 21 57 74 7 48
20 1 81 1 77
44 1 52 5 76 12 54 44 6
51 1 24 7 8 41 76 46 32 59 62
90 1 14 7 68 29 62 20 34 48 25
88 1 51 7 19 38 45 45 15 50 44
34 1 7 2 59 33
29 1 5 4 30 55 29 32
4 1 33 5 38 12 48 36 18
35 1 9 7 16 30 57 1 39 34 58
61 1 3 6 42 34 55 14 26 4
3 1 65 7 36 59 57 35 67 82 22
83 1 56 5 49 29 28 38 70
32 1 44 3 21 31 14
2 1 21 7 15 68 75 36 77 45 2
15 1 66 7 38 60 15 38 25 38 80
27 1 9 6 32 27 51 65 52 17
35 1 40 2 50 35
30 1 2 7 34 16 57 29 79 59 27
82 1 82 6 39 58 18 3 27 72
3 1 1 4 24 19 34 62
99 1 58 4 16 15 42 80
54 1 68 7 26 19 55 74 12 81 73
14 1 76 3 59 53 18
95 1 20 6 12 47 75 38 9 63
35 1 27 4 26 19 67 66
1 1 46 3 62 56 18
75 1 18 3 46 2 20
47 1 58 4 75 6 60 5
11 1 47 2 38 46
79 1 38 2 70 24
1 1 57 7 55 19 22 43 48 73 7
47 1 11 3 82 79 23
100 1 24 5 29 78 15 45 20
6 1 32 6 75 80 5 14 76 37
25 1 62 6 50 46 12 51 70 60
59 1 48 5 61 38 3 70 78
48 1 52 6 26 62 47 25 45 74
61 1 42 2 39 80
17 1 40 3 44 24 6
73 1 22 7 18 25 41 69 17 33 21
67 1 64 2 4 44
48 1 69 6 70 68 47 63 80 57
52 1 82 6 8 8 26 69 42 25
29 1 61 4 59 80 19 23
33 1 44 3 77 74 2
29 1 12 1 41
38 1 25 4 60 64 59 66
100 1 78 6 39 50 25 21 18 26
27 1 9 1 22
35 1 11 3 45 25 55
64 1 8 6 24 68 51 5 61 68
47 1 31 1 7
57 1 49 6 23 35 1 60 1 1
5 1 35 4 28 9 26 3
93 1 7 3 3 61 58
57 1 70 3 5 32 10
6 1 6 5 23 44 60 16 26
32 1 38 1 29
87 1 53 1 38
31 1 30 4 14 53 32 66
85 1 45 3 28 49 46
13 1 80 5 30 25 44 24 38
63 1 33 4 69 36 55 65
14 1 8 5 77 33 53 5 54
2 1 16 7 27 67 73 41 21 31 34
29 1 13 4 73 55 10 28
21 1 54 4 49 22 47 3
80 1 29 6 29 23 64 31 2 24
40 1 69 6 49 23 45 46 54 42
76 1 9 3 29 45 18
18 1 34 1 50
100 1 13 3 34 48 53
27 1 44 1 5
19 1 62 3 9 67 80
49 1 63 6 69 41 51 78 33 12
72 1 32 5 57 80 47 60 43
85 1 13 1 20
56 1 68 7 39 53 38 64 29 43 15
84 1 69 2 76 27
31 1 48 2 4 65
14 1 64 6 61 65 81 36 57 16
26 1 40 3 13 51 1
63 1 33 6 60 4 26 62 50 18
83 1 1 5 66 16 49 54 61
51 1 63 3 43 72 14
46 1 22 1 51
32 1 51 7 27 63 58 10 37 27 77
39 1 49 1 76
79 1 33 5 16 74 11 69 11
77 1 9 5 67 1 39 36 48
11 1 58 5 54 29 18 63 3
90 1 24 6 61 42 76 7 21 73
31 1 8 4 21 80 38 1
84 1 33 2 3 67
5 1 72 5 41 4 7 70 13
10 1 61 2 24 73
42 1 35 7 70 43 46 10 40 77 60
26 1 55 2 22 71
15 1 13 4 40 74 1 76
76 1 50 6 60 38 1 46 37 68
58 1 72 3 50 2 82
64 1 2 1 19
80 1 19 7 7 52 54 30 33 63 39
53 1 77 6 45 80 49 38 52 29
47 1 16 4 68 8 18 2
74 1 33 5 76 48 14 74 54
15 1 56 3 25 68 28
51 1 14 3 19 40 67
75 1 72 1 1
73 1 19 1 38
21 1 54 2 23 31
1 1 22 6 63 47 55 24 21 72
43 1 63 6 52 53 64 41 82 53
25 1 23 6 33 71 30 8 41 52
91 1 55 3 32 77 77
5 1 44 3 42 45 15
30 1 10 5 69 12 48 23 14
39 1 73 5 67 69 81 75 82
42 1 82 3 78 14 82
11 1 43 4 23 27 20 13
70 1 22 1 56
28 1 21 3 22 57 50
20 1 56 6 35 80 28 14 80 72
82 1 23 5 78 62 23 19 18
74 1 25 7 20 55 10 56 32 10 48
73 1 73 3 71 30 15
54 1 10 1 79
54 1 20 7 31 29 10 34 12 6 12
87 1 4 3 20 12 17
68 1 54 3 57 75 12
96 1 82 4 25 51 53 40
71 1 17 5 18 56 37 81 38
81 1 64 2 57 63
84 1 49 4 75 2 72 15
41 1 62 7 26 46 41 80 6 20 57
77 1 51 7 64 80 2 39 70 68 49
14 1 1 1 48
49 1 67 5 75 73 31 49 55
53 1 22 4 61 80 79 13
86 1 16 5 68 41 49 36 64
22 1 19 4 10 11 54 6
59 1 31 2 25 18
4 1 59 2 50 31
79 1 38 3 60 30 14
19 1 79 3 33 14 63
94 1 5 3 20 49 55
5 1 54 4 47 81 25 43
58 1 61 7 50 73 21 26 6 20 56
47 1 7 7 43 60 67 29 20 36 62
34 1 56 1 47
24 1 20 3 49 79 12
56 1 42 3 57 81 56
51 1 60 5 12 19 9 11 47
98 1 77 2 77 23
95 1 70 1 33
41 1 18 6 30 19 52 11 5 8
39 1 5 1 26
23 1 5 7 17 50 59 63 70 55 75
55 1 54 5 51 29 48 39 50
2 1 77 4 19 78 77 20
50 1 13 4 71 56 46 14
76 1 26 3 19 36 27
26 1 7 3 38 39 18
39 1 24 5 46 44 26 15 46
23 1 42 1 61
80 1 15 5 58 10 68 67 40
98 1 18 4 41 68 44 3
76 1 63 3 36 9 57
38 1 32 4 55 32 82 36
54 1 65 4 57 9 70 78
93 1 77 5 30 54 47 11 81
54 1 39 5 66 6 67 11 44
36 1 67 2 8 71
1 1 35 5 21 19 50 54 55
34 1 79 6 26 69 21 82 38 74
1 1 9 1 69
55 1 55 1 72
376 227 155
00000000000000100000000000100000000000001000000000000000000001000000000000000000011000000000100000100000101100000000000000001000010000000000000000001010000000010100000000000000000000000010000000000000000010000000000000000000000
27 3 162 162 62 5 23 57 60 162 79
72 3 15 107 108 2 34 20
39 1 41 2 218 75
51 2 99 125 3 87 80 188
40 2 60 83 5 185 121 114 206 21
37 1 105 5 9 72 163 177 164
16 1 15 4 79 194 55 15
45 1 185 1 75
80 1 114 3 4 69 19
9 3 57 114 79 3 200 87 146
91 2 149 20 5 90 116 134 28 100
71 1 107 2 3 111
61 1 218 1 92
63 3 114 82 41 4 29 174 157 45
29 3 80 187 45 2 221 97
11 1 15 1 33
100 1 116 2 172 130
19 2 200 28 2 32 94
39 1 116 5 6 134 60 100 105
43 3 82 92 6 3 134 167 53
28 1 157 2 133 2
44 2 53 177 1 4
5 2 94 21 4 90 95 158 158
55 1 157 4 189 79 27 105
9 1 163 2 78 173
14 3 172 185 60 1 53
1 1 185 3 29 167 60
29 1 3 4 163 210 25 212
95 1 57 4 28 155 211 150
12 3 177 79 4 4 211 159 46 185
6 3 4 25 125 5 88 220 151 78 223
48 2 53 146 4 23 210 188 125
5 1 194 2 198 85
3 1 116 5 61 17 112 106 182
31 3 133 41 164 3 144 209 201
31 2 33 185 2 189 23
72 3 55 53 167 3 123 146 116
92 3 87 90 188 4 199 48 97 4
24 3 221 189 9 2 43 130
7 3 149 9 173 5 5 174 215 121 151
95 3 212 133 201 4 14 194 58 45
73 3 223 2 133 3 151 200 78
97 1 220 5 88 81 58 77 62
95 2 9 95 5 176 124 207 86 26
53 1 150 4 72 218 223 173
82 2 79 205 4 219 184 102 215
37 1 155 5 75 116 138 130 123
2 2 55 207 2 201 173
73 3 146 85 86 3 202 162 92
44 1 151 4 201 149 90 114
98 2 100 160 4 198 85 71 212
68 3 86 95 130 4 114 79 210 139
94 2 189 198 3 13 111 207
23 1 139 2 92 41
1 1 48 4 199 202 160 172
8 2 80 223 1 114
34 2 184 17 2 38 7
56 1 133 2 196 208
2 3 106 205 27 1 209
77 1 78 5 216 205 41 147 30
57 1 114 4 181 7 131 124
78 1 100 5 77 83 24 29 126
62 2 138 189 2 69 106
62 2 27 216 1 86
21 1 25 4 28 93 70 148
45 3 138 43 160 4 143 123 154 63
41 3 149 177 48 3 206 180 208
66 3 221 80 79 4 26 136 66 186
12 2 20 88 2 31 39
20 1 90 2 138 41
56 1 30 3 194 18 39
12 2 24 45 4 137 129 139 147
41 2 79 220 4 39 133 98 168
52 3 6 102 80 3 48 206 206
6 2 19 133 2 10 204
64 1 105 1 149
11 1 188 3 92 68 205
95 3 159 72 33 4 163 171 42 103
79 2 88 86 1 130
50 2 143 28 3 214 5 85
91 3 111 20 32 2 203 143
71 1 180 4 29 175 215 168
36 3 172 158 211 5 82 213 227 135 183
29 1 183 2 174 78
41 2 209 32 1 202
63 2 88 171 3 134 151 164
60 1 21 5 50 222 220 210 180
53 2 79 189 5 193 178 99 213 162
95 1 174 3 3 84 88
44 3 143 39 80 2 5 66
79 3 206 5 85 4 8 94 214 114
36 3 126 123 81 2 38 71
14 2 180 196 4 208 159 22 186
15 2 172 149 1 208
59 2 106 100 1 55
36 1 33 4 43 145 3 217
48 2 148 125 3 106 83 72
80 2 77 205 5 210 15 222 58 15
85 3 17 199 24 3 165 10 73
57 1 114 1 8
36 2 33 57 3 190 200 37
42 2 62 136 4 93 1 13 89
91 1 193 2 21 25
28 1 193 3 4 171 162
13 1 200 1 58
13 2 107 211 2 223 45
20 3 146 31 68 2 118 220
3 1 144 2 72 203
68 3 29 136 168 2 37 45
57 1 85 4 133 17 132 151
42 2 33 185 3 142 181 21
47 2 187 215 5 170 95 147 26 78
81 1 83 1 205
37 1 196 4 6 22 4 92
37 1 92 1 226
11 1 68 5 191 206 216 94 117
69 2 7 81 4 129 166 93 63
18 3 209 137 188 5 129 66 183 208 124
61 1 200 3 2 22 145
51 2 82 138 4 37 65 34 37
65 3 5 144 79 3 96 26 22
7 3 198 114 158 1 125
63 2 81 130 2 42 189
69 3 1 144 154 5 55 143 162 155 119
35 1 171 1 51
56 3 139 167 87 5 137 59 138 26 202
6 1 83 4 170 214 39 155
57 2 135 185 1 122
74 1 98 1 60
67 2 218 98 5 8 12 8 28 7
83 3 85 65 151 4 154 177 208 36
9 3 78 199 215 3 133 105 183
70 2 175 41 5 104 100 99 99 73
80 3 3 162 203 2 19 28
82 2 33 41 1 212
22 1 81 2 164 151
17 3 226 41 147 4 139 59 183 193
60 1 191 3 107 81 110
57 1 227 2 101 151
24 2 85 90 4 179 23 164 135
68 2 98 116 3 210 122 148
30 2 30 166 4 100 81 140 98
63 3 104 60 136 4 133 208 180 123
30 3 223 207 119 5 184 56 178 35 147
98 3 219 134 102 3 202 80 47
85 3 88 35 118 2 3 121
79 1 28 3 196 154 6
29 3 87 14 202 1 98
75 1 166 2 90 108
3 1 189 2 95 132
29 3 144 160 46 5 168 123 117 164 167
63 2 202 198 4 164 82 164 168
99 2 10 15 2 127 83
20 3 29 43 24 3 49 138 218
54 3 119 222 69 4 132 77 28 181
82 1 12 2 146 174
46 3 125 160 200 3 97 97 154
5 1 73 3 182 45 164
93 1 208 1 104
80 1 205 1 22
4 1 5 3 85 214 97
23 2 189 55 2 210 71
84 2 15 96 3 150 83 61
26 1 174 1 223
73 3 28 17 30 1 106
46 1 18 2 58 93
82 2 101 211 5 158 150 147 29 42
31 3 226 102 214 4 188 28 185 40
28 2 80 102 3 124 183 194
90 1 89 2 206 78
46 3 119 148 149 2 185 1
11 2 23 140 4 225 206 125 112
78 2 215 18 1 211
10 2 97 98 1 66
12 2 143 47 1 89
96 2 14 118 3 30 193 161
13 2 215 209 4 116 187 114 159
69 3 189 173 168 3 96 56 6
95 2 160 59 5 47 159 119 225 220
40 2 170 77 2 66 132
42 2 194 19 5 212 204 116 168 158
100 1 219 4 108 100 92 200
61 2 118 170 5 124 149 220 74 158
40 2 41 66 4 162 199 15 40
10 3 135 211 32 5 177 84 214 72 128
82 2 12 50 5 176 145 185 214 20
56 2 66 51 5 212 31 75 107 120
55 3 90 132 116 5 161 46 184 124 193
22 2 116 181 4 200 164 153 70
75 2 50 128 3 61 63 40
14 3 198 142 209 2 211 2
49 3 184 185 219 4 220 104 131 212
9 1 182 1 68
88 1 125 3 176 103 17
34 1 82 3 88 181 22
69 1 61 1 197
88 3 144 72 121 2 205 76
54 3 74 32 75 1 169
55 2 82 149 5 87 112 3 213 51
3 3 58 81 65 1 197
32 1 25 5 210 172 160 43 131
6 2 42 186 3 219 81 61
16 3 194 51 2 2 35 201
55 3 105 110 144 5 128 181 96 50 95
44 3 118 10 174 3 17 54 5
60 3 165 21 111 4 165 222 172 205
8 1 225 5 132 117 212 115 206
19 3 65 134 115 4 88 174 102 72
90 1 133 4 100 108 38 77
26 3 45 88 112 4 141 75 101 78
52 2 144 69 5 146 160 81 211 60
7 3 200 21 13 2 139 31
32 2 4 87 5 4 101 193 47 100
85 1 1 3 97 199 92
48 1 120 1 58
63 3 72 2 173 1 80
51 3 51 161 17 1 179
34 3 105 104 201 4 18 44 94 224
29 1 174 1 221
78 1 74 4 153 84 11 65
85 3 184 55 177 4 103 137 58 154
49 3 25 62 65 3 207 48 140
79 1 146 5 47 38 63 7 25
49 2 161 147 5 200 141 160 39 86
68 2 133 134 1 98
70 3 29 135 116 3 65 193 94
40 1 159 5 31 29 176 216 149
68 3 185 133 98 4 18 68 22 53
84 2 133 173 3 155 137 42
58 1 115 1 67
99 3 157 65 158 3 176 199 9
45 1 39 4 11 155 8 136
60 3 107 193 38 5 185 103 196 178 100
46 2 167 197 2 56 199
86 3 155 126 43 4 87 187 35 6
88 1 226 4 135 67 188 209
80 1 75 1 211
22 2 39 194 1 70
92 2 29 189 4 183 178 27 2
53 1 196 3 197 23 160
99 3 50 150 24 2 136 194
22 2 40 3 1 134
40 1 14 5 98 167 55 67 126
90 2 8 82 2 199 2
9 2 220 105 3 158 157 210
80 1 10 2 101 44
38 3 7 162 107 1 216
68 1 120 3 10 130 104
26 2 81 191 3 187 54 117
97 1 101 5 224 201 181 194 150
74 2 8 148 3 211 56 57
55 3 196 155 143 1 75
97 3 128 157 106 2 77 176
87 3 18 1 36 4 201 163 122 156
87 2 196 119 4 16 61 49 76
16 3 161 12 65 3 16 223 82
31 1 165 4 31 15 10 131
52 1 28 1 67
24 1 21 4 4 80 221 46
36 3 86 157 5 3 193 111 220
93 3 15 7 182 4 218 31 209 42
44 3 155 151 65 4 63 66 205 175
92 2 49 7 1 83
33 3 11 12 197 3 199 174 131
14 3 175 162 29 5 135 180 173 18 172
87 2 45 147 4 37 108 124 205
49 1 227 4 25 184 8 34
68 2 180 119 2 111 50
47 3 86 11 37 5 67 160 28 20 93
8 2 188 122 4 204 184 156 105
87 3 143 45 164 2 62 10
54 2 94 214 4 54 215 214 38
63 2 26 139 4 138 103 180 172
80 1 144 2 186 4
15 2 145 84 1 11
8 1 224 2 16 187
84 1 98 2 45 35
32 2 29 188 5 79 174 183 147 70
74 2 62 49 4 72 21 224 182
97 1 146 3 145 36 178
89 3 168 215 57 4 117 7 30 83
97 2 42 224 2 180 138
59 3 137 187 120 3 197 172 50
40 2 10 41 2 53 184
6 2 200 28 2 160 120
36 2 143 223 2 107 156
16 3 193 153 187 1 169
32 1 202 2 137 185
63 3 60 114 125 1 197
89 3 98 47 46 4 42 180 170 24
17 3 43 2 187 1 42
90 2 203 186 2 152 58
84 1 105 3 171 150 61
90 1 174 5 78 60 190 151 220
73 2 207 225 1 38
43 1 21 5 177 40 150 38 186
15 1 86 1 30
52 1 184 4 10 61 152 28
76 2 19 181 3 47 24 84
46 3 98 72 78 1 8
89 1 15 2 109 87
84 2 127 146 2 81 90
86 3 65 182 81 5 86 74 167 30 216
73 3 152 82 187 5 171 142 53 65 169
93 2 93 87 5 198 63 105 63 93
61 2 105 131 2 68 148
31 2 220 108 1 31
47 1 18 1 48
10 3 55 96 159 1 114
89 2 38 76 4 122 163 38 85
67 1 32 2 161 139
6 2 191 79 5 46 18 26 75 42
33 2 171 101 1 97
89 3 120 17 102 1 78
15 3 170 163 16 3 79 101 69
53 2 24 167 1 190
87 2 75 171 1 59
85 2 154 99 2 131 218
65 3 92 38 50 1 143
37 3 46 149 13 4 171 212 196 119
36 1 132 1 14
72 3 126 73 71 2 36 59
68 2 61 226 5 131 78 214 106 126
52 2 168 110 4 13 126 223 208
1 1 123 3 174 106 61
52 2 179 216 4 128 39 7 151
55 2 116 175 4 138 56 34 135
95 2 65 47 3 116 79 197
65 3 200 13 199 5 128 130 159 124 196
25 2 55 15 2 148 210
96 3 26 6 154 5 209 177 172 164 94
43 3 226 204 136 2 6 105
44 1 42 1 89
83 2 61 63 4 110 10 167 226
38 3 10 171 90 3 56 192 40
43 2 213 54 1 103
70 1 142 5 71 11 166 163 5
10 2 28 145 2 133 15
98 2 181 79 5 150 59 189 227 28
56 1 221 5 135 197 93 60 73
48 3 20 36 141 3 163 2 159
34 2 63 143 2 3 115
58 2 15 204 2 144 110
56 1 189 2 73 3
97 2 172 117 1 175
68 3 92 108 173 4 91 1 166 206
80 2 53 207 5 215 66 110 105 71
28 1 162 3 180 33 213
15 1 8 4 117 85 59 144
79 3 136 10 107 4 198 42 223 184
8 1 149 1 3
49 1 192 2 5 63
24 1 114 1 83
51 3 194 97 165 1 227
52 2 70 50 1 148
21 1 32 2 116 218
84 3 222 31 157 3 152 196 177
13 2 11 157 2 138 113
90 3 5 166 143 4 201 1 219 143
74 2 125 26 2 101 212
89 3 88 74 17 1 89
86 2 33 33 4 213 17 59 38
70 2 111 14 4 64 169 170 22
80 2 32 36 5 118 208 19 168 73
64 2 22 33 5 168 175 83 167 138
42 1 2 2 39 76
45 2 38 26 5 44 177 137 100 128
89 1 123 2 77 221
35 2 206 128 2 197 7
93 3 14 7 26 4 170 82 222 124
72 3 142 4 60 1 82
2 3 11 155 134 3 27 16 89
54 2 208 70 3 87 183 119
18 3 120 57 86 2 93 74
85 2 135 127 5 187 192 1 44 24
24 2 113 24 2 94 136
445 395 31
01101000000100011001000111111001100110111100110111101111111000000010111110111101000000011111110010110001011010111001001100111010001111001010100110001001000010101110111111100110111100101111011011001100010000100000110000010100111111000011000011100101111110011010111100101110111001000011001001001101111011111100010011100010000101110111111011011110111001001101010001111011010001100011101111110111111
19 7 58 67 333 12 179 362 214 1 300
73 3 290 386 337 1 137
77 6 171 381 327 168 197 304 1 49
86 7 75 26 187 343 24 41 332 1 342
56 1 42 1 110
2 3 395 283 328 1 193
48 2 220 343 1 279
18 2 324 93 1 337
8 4 41 168 37 133 1 110
16 1 278 1 279
2 8 330 296 343 25 226 139 248 380 1 238
32 8 335 27 58 26 390 73 123 175 1 305
9 6 104 29 125 109 283 202 1 378
49 1 27 1 344
90 6 99 58 110 214 383 313 1 289
65 6 274 220 157 342 33 55 1 76
89 8 264 300 169 33 191 169 383 70 1 191
18 3 241 363 388 1 36
83 8 29 39 287 72 305 391 314 149 1 175
25 1 92 1 335
76 6 139 384 27 271 278 100 1 67
35 8 177 88 25 267 2 51 36 109 1 339
50 1 97 1 59
47 3 242 186 104 1 161
74 4 273 387 166 207 1 257
24 5 238 177 246 251 202 1 159
81 7 306 175 71 169 186 229 393 1 39
8 8 331 51 33 145 214 331 279 350 1 130
41 4 214 251 364 375 1 40
32 7 315 339 251 328 165 252 299 1 33
66 1 368 1 244
80 1 90 1 287
64 2 243 134 1 65
16 3 134 191 365 1 26
24 2 36 109 1 176
4 8 267 88 36 170 324 314 236 5 1 12
63 5 131 375 327 363 46 1 280
46 4 345 273 113 41 1 208
76 8 358 94 225 28 49 299 80 54 1 156
48 4 264 132 273 25 1 228
41 7 80 113 294 300 88 289 89 1 354
3 5 29 303 198 324 109 1 155
16 8 156 141 190 393 127 327 127 252 1 222
71 6 284 241 227 270 49 306 1 46
10 2 333 145 1 373
48 2 241 298 1 305
77 7 229 144 375 347 222 127 236 1 395
32 4 127 235 368 294 1 394
85 2 174 290 1 374
99 5 145 92 180 32 275 1 43
7 4 109 390 175 328 1 363
8 7 187 344 362 39 92 250 261 1 208
4 2 391 267 1 333
82 8 48 264 335 391 110 313 302 284 1 176
60 7 116 248 358 379 213 225 299 1 22
57 6 175 264 284 388 193 183 1 249
33 2 65 347 1 126
88 5 75 214 280 186 16 1 106
60 3 230 55 93 1 198
36 6 301 88 330 134 367 370 1 276
7 5 340 222 100 106 80 1 391
85 3 104 246 186 1 170
71 1 340 1 127
11 4 94 69 242 33 1 307
51 6 280 183 267 363 303 299 1 265
30 8 161 104 293 126 365 100 229 106 1 233
73 3 40 80 287 1 51
19 6 222 338 388 227 194 197 1 88
14 6 168 42 58 298 343 91 1 118
24 6 186 363 179 32 280 124 1 344
91 4 24 165 383 326 1 4
100 7 168 374 356 75 241 249 229 1 205
34 6 190 104 238 165 168 27 1 358
6 1 166 1 90
35 7 310 75 259 368 364 194 395 1 119
28 2 162 276 1 14
45 7 383 353 161 280 306 338 5 1 101
49 2 75 363 1 327
59 6 393 175 112 198 263 27 1 6
69 5 167 246 298 393 166 1 143
51 5 118 76 220 185 69 1 372
9 7 279 179 37 29 43 37 69 1 164
6 6 16 386 91 110 152 175 1 69
91 3 280 78 324 1 156
5 4 59 391 197 344 1 30
30 2 250 339 1 64
38 3 37 174 37 1 82
64 6 91 372 214 104 5 178 1 328
21 3 386 297 155 1 227
88 1 72 1 369
8 5 276 193 36 41 358 1 128
76 2 207 145 1 223
91 1 233 1 97
53 1 97 1 116
76 2 170 37 1 61
2 8 306 314 293 392 293 350 56 328 1 62
58 1 130 1 224
76 2 302 252 1 359
5 2 175 145 1 99
99 3 375 48 289 1 44
27 3 44 214 297 1 166
31 3 187 269 180 1 283
91 4 65 97 61 373 1 221
65 7 75 362 99 56 193 208 73 1 16
15 1 123 1 287
32 7 261 187 50 152 242 26 104 1 329
9 7 267 315 248 324 134 373 305 1 143
21 1 51 1 137
89 3 328 301 92 1 130
18 4 223 223 235 133 1 263
12 6 343 130 6 62 293 88 1 113
86 4 71 100 279 16 1 178
62 2 193 169 1 33
84 7 6 17 133 344 244 229 42 1 281
1 7 253 50 374 97 319 106 246 1 367
42 6 387 109 310 302 387 42 1 191
4 7 305 264 190 169 337 326 94 1 155
35 7 112 183 223 243 99 171 53 1 116
79 5 40 378 57 76 284 1 241
26 4 274 78 76 354 1 345
83 7 263 391 75 249 283 354 54 1 112
18 7 264 155 296 244 17 304 202 1 235
36 2 174 230 1 282
3 4 24 220 54 188 1 166
75 5 326 76 329 91 156 1 188
2 5 264 99 191 334 384 1 1
55 7 24 89 365 339 274 392 385 1 44
68 4 6 58 226 118 1 65
20 5 77 225 314 330 363 1 152
86 2 39 183 1 370
2 2 187 72 1 143
54 7 263 62 294 330 347 267 324 1 47
19 1 178 1 219
95 8 241 64 177 271 72 143 229 369 1 348
65 7 305 78 198 159 293 310 252 1 5
30 1 242 1 364
98 2 144 304 1 321
84 5 25 157 343 25 347 1 174
38 2 22 93 1 279
100 2 230 33 1 52
91 7 155 29 12 314 242 379 16 1 326
75 1 299 1 178
78 5 384 373 303 290 194 1 264
45 2 341 202 1 223
98 4 354 358 388 72 1 18
85 6 324 130 141 297 380 379 1 200
43 1 48 1 247
19 7 82 290 134 64 364 165 94 1 259
32 7 32 236 50 345 6 183 220 1 297
84 5 278 229 225 124 76 1 192
22 3 41 271 283 1 346
29 2 393 47 1 378
1 2 230 391 1 175
34 7 248 346 54 290 192 62 327 1 190
27 7 58 80 383 228 127 264 236 1 324
73 2 343 170 1 352
93 7 307 315 274 225 313 89 228 1 205
89 8 73 380 372 337 338 310 385 76 1 208
89 5 42 18 281 222 369 1 162
67 5 207 352 390 202 20 1 354
89 4 365 30 235 252 1 320
100 2 77 45 1 329
91 8 367 37 59 29 340 236 93 247 1 94
70 2 297 238 1 60
35 1 47 1 40
67 4 226 246 213 275 1 162
70 2 340 177 1 339
3 5 333 185 97 279 387 1 180
47 2 20 157 1 144
56 5 263 365 340 183 165 1 243
49 1 379 1 175
66 2 47 320 1 380
56 8 183 374 372 29 57 347 1 369 1 12
33 3 362 104 276 1 198
55 7 386 180 29 53 131 256 40 1 69
36 7 112 391 144 51 53 279 145 1 271
82 1 134 1 352
38 5 367 329 5 71 185 1 87
83 3 225 358 236 1 276
94 2 120 248 1 28
49 8 113 342 243 222 112 64 213 141 1 376
48 2 224 300 1 114
48 5 90 391 370 123 80 1 266
22 7 267 314 65 225 229 141 149 1 87
51 4 41 174 56 183 1 274
17 4 22 352 149 104 1 113
98 3 269 22 219 1 53
61 1 347 1 142
70 8 170 168 165 395 332 186 235 314 1 61
19 1 132 1 270
29 7 94 303 69 120 307 59 275 1 87
6 5 259 60 219 88 276 1 67
93 1 14 1 298
20 7 58 303 263 145 226 200 62 1 187
15 1 332 1 157
89 6 228 157 169 171 347 137 1 208
85 7 25 89 131 45 163 26 90 1 3
81 5 340 271 80 132 127 1 40
79 8 167 112 132 373 33 241 230 385 1 366
37 4 227 271 30 99 1 87
94 6 331 205 168 113 126 179 1 180
34 7 379 111 90 228 26 71 58 1 350
73 3 252 374 93 1 87
88 2 265 91 1 134
96 3 114 249 384 1 336
28 1 390 1 219
43 5 384 301 352 356 46 1 182
59 6 80 88 220 294 392 394 1 5
43 1 37 1 43
16 5 73 265 45 104 372 1 329
18 2 107 91 1 332
90 8 90 55 220 266 380 219 319 155 1 213
3 6 358 28 207 265 251 235 1 151
5 2 64 391 1 372
98 5 362 341 390 298 71 1 283
31 7 92 142 344 242 368 32 279 1 259
79 8 220 113 381 80 156 220 100 340 1 321
25 3 310 213 230 1 217
63 5 290 304 283 298 307 1 352
62 2 54 194 1 383
95 6 56 379 230 284 247 363 1 256
7 6 275 386 94 185 381 346 1 256
10 3 376 137 263 1 176
4 5 225 301 89 253 267 1 384
7 5 99 139 109 380 214 1 318
96 4 328 331 82 262 1 320
36 7 110 50 125 249 30 167 56 1 347
43 6 324 225 130 56 109 51 1 365
48 4 224 192 57 176 1 28
16 2 293 119 1 85
63 5 262 178 88 387 362 1 204
39 7 324 188 162 248 124 278 251 1 193
47 4 387 44 368 394 1 378
62 5 109 80 321 198 365 1 286
19 3 296 48 238 1 133
86 7 32 190 367 64 370 127 379 1 150
21 4 180 101 167 180 1 319
75 8 307 344 4 48 126 5 298 30 1 167
27 4 267 279 42 299 1 196
58 1 127 1 119
21 1 390 1 348
38 8 56 150 163 229 354 169 157 228 1 215
85 7 164 289 363 169 183 62 352 1 172
61 1 20 1 87
5 2 263 369 1 312
47 2 5 305 1 209
91 5 65 119 5 241 187 1 249
57 4 249 252 244 151 1 187
68 1 142 1 135
48 2 78 65 1 156
80 7 393 182 183 18 145 176 109 1 354
27 3 57 290 352 1 257
32 1 348 1 171
65 3 164 305 340 1 221
16 3 194 250 286 1 345
7 8 346 16 331 30 236 65 306 331 1 16
62 7 279 52 269 228 367 152 109 1 295
25 8 346 70 296 193 196 273 256 186 1 177
77 8 60 159 314 194 163 190 306 297 1 86
91 1 33 1 36
19 5 251 381 93 209 50 1 333
97 4 222 135 328 190 1 277
85 8 18 223 369 373 26 326 370 219 1 125
93 5 126 142 175 297 353 1 372
73 1 220 1 5
72 5 321 262 387 165 170 1 375
88 7 17 353 223 300 107 4 141 1 3
7 3 343 145 266 1 107
67 6 161 150 139 6 366 57 1 46
45 1 157 1 337
43 7 120 392 131 97 380 172 278 1 27
78 1 123 1 283
84 1 265 1 208
12 1 251 1 329
94 7 69 64 58 280 185 91 312 1 155
71 6 198 383 56 12 137 275 1 371
62 7 72 280 101 228 46 91 37 1 287
100 2 56 75 1 134
45 6 106 18 185 367 134 341 1 244
12 6 387 155 46 175 82 383 1 260
15 8 318 22 274 202 85 318 390 235 1 25
80 2 166 223 1 9
20 2 192 303 1 306
1 2 167 175 1 170
61 1 327 1 71
2 2 341 284 1 318
29 5 132 312 208 28 307 1 243
86 1 328 1 19
86 1 312 1 141
61 8 379 320 50 185 251 69 354 353 1 384
79 6 182 369 89 44 247 89 1 385
68 6 238 53 236 209 101 343 1 237
71 6 387 269 329 44 248 41 1 156
50 6 192 125 75 44 86 328 1 303
31 5 315 242 262 370 172 1 353
99 8 352 186 139 20 365 267 73 144 1 312
54 1 17 1 57
10 6 370 75 182 36 326 30 1 365
1 1 215 1 355
26 1 336 1 85
97 3 58 303 284 1 232
77 1 106 1 359
77 5 57 123 163 161 302 1 66
76 8 365 133 109 47 137 289 247 307 1 147
7 4 380 236 273 72 1 43
4 8 233 237 52 131 118 118 249 310 1 199
45 3 3 228 91 1 164
92 5 123 287 386 32 208 1 320
83 4 152 313 127 22 1 204
85 6 300 150 161 248 73 328 1 59
92 1 339 1 128
35 5 289 364 186 135 199 1 236
71 8 304 390 46 287 75 178 215 166 1 356
77 7 44 339 331 45 56 217 359 1 162
49 7 3 214 327 242 207 380 264 1 172
28 7 227 281 47 344 235 334 244 1 395
47 2 310 135 1 332
78 1 242 1 372
63 5 287 110 363 312 354 1 123
82 5 386 358 162 200 373 1 335
27 5 305 324 232 324 252 1 315
32 2 307 94 1 207
84 7 228 166 196 342 220 109 337 1 94
83 3 284 167 263 1 189
10 8 374 267 374 120 376 109 164 70 1 144
38 1 356 1 21
52 8 312 257 65 283 362 270 300 333 1 39
92 8 197 305 128 171 207 336 226 110 1 254
68 4 18 225 392 25 1 371
84 4 30 321 118 131 1 349
57 5 128 175 347 86 350 1 336
94 8 109 345 87 88 300 188 290 246 1 122
71 3 395 271 321 1 78
57 2 250 89 1 164
78 7 208 189 155 125 70 93 393 1 220
13 1 293 1 325
28 1 126 1 158
69 1 392 1 150
24 1 85 1 4
44 1 326 1 136
98 8 279 340 208 348 358 27 204 130 1 217
85 7 19 43 202 208 159 52 130 1 248
30 6 48 186 56 276 350 224 1 355
60 7 46 33 226 14 349 392 32 1 33
17 5 321 87 219 72 5 1 2
97 5 333 383 378 182 60 1 60
15 2 174 70 1 115
24 4 109 279 171 151 1 178
64 7 90 277 207 46 251 145 207 1 61
27 4 287 278 170 287 1 303
72 8 289 30 120 319 294 57 209 270 1 91
47 2 162 158 1 392
53 1 248 1 149
7 1 280 1 296
76 6 128 236 249 267 344 235 1 329
61 2 179 251 1 127
57 8 147 346 5 347 37 87 378 73 1 386
10 5 182 244 175 50 339 1 74
48 3 49 222 178 1 194
29 8 186 80 39 321 169 339 48 5 1 198
30 5 386 50 109 269 253 1 73
99 4 298 111 374 101 1 72
3 6 114 333 222 100 302 130 1 219
42 2 208 205 1 109
52 2 387 205 1 214
99 8 44 78 55 46 141 39 304 269 1 42
100 5 119 71 124 142 372 1 339
22 8 123 281 193 283 274 64 177 39 1 189
29 7 6 97 299 282 279 356 289 1 360
61 4 51 266 241 298 1 358
14 3 62 87 359 1 377
58 5 347 191 91 37 22 1 323
20 7 307 209 18 92 228 226 29 1 156
99 6 144 26 276 134 87 279 1 47
74 4 338 360 111 207 1 370
31 6 301 82 384 91 271 182 1 203
24 5 367 116 164 388 333 1 218
59 6 91 249 254 284 214 282 1 206
2 2 64 224 1 328
85 8 149 209 113 378 145 343 271 12 1 392
19 4 236 271 220 376 1 255
5 6 390 224 378 261 249 56 1 275
38 6 319 274 277 349 385 253 1 218
46 3 290 202 243 1 395
73 1 369 1 184
74 6 313 233 130 67 384 132 1 359
39 5 30 340 193 301 369 1 333
43 5 191 40 310 336 166 1 390
42 2 332 74 1 46
88 8 171 2 175 114 43 180 20 119 1 16
40 4 264 331 152 380 1 89
7 1 354 1 7
61 5 124 276 144 214 242 1 44
100 5 270 249 186 25 223 1 76
19 6 33 341 224 298 72 168 1 351
66 8 385 284 94 87 72 337 165 222 1 363
7 2 305 125 1 366
80 6 67 205 26 253 174 78 1 352
70 8 284 276 106 252 130 188 369 323 1 88
1 8 203 368 33 54 20 209 218 241 1 271
48 5 384 217 241 132 274 1 126
54 5 282 88 274 331 331 1 237
35 4 358 198 133 115 1 84
67 3 73 354 221 1 130
17 8 130 387 141 359 321 192 323 373 1 323
60 5 69 171 284 273 156 1 32
8 7 100 348 207 331 260 119 14 1 314
19 2 57 76 1 106
2 2 189 57 1 158
40 4 5 208 84 205 1 141
93 1 256 1 321
41 8 152 65 104 137 254 362 267 347 1 61
45 2 334 370 1 312
23 8 218 369 162 40 167 171 252 80 1 147
52 5 281 130 128 66 340 1 352
34 1 305 1 43
17 4 185 352 47 330 1 232
73 5 151 296 380 178 246 1 67
41 1 283 1 313
8 7 280 149 333 163 328 57 299 1 186
99 2 54 221 1 170
52 5 330 352 12 226 32 1 14
89 3 241 226 205 1 238
2 8 87 65 82 299 220 279 170 76 1 227
87 7 331 238 107 222 125 286 313 1 350
34 5 276 115 238 248 286 1 173
65 3 388 150 109 1 176
48 8 44 327 226 223 204 162 110 265 1 271
91 2 175 314 1 139
47 3 44 384 274 1 63
68 5 290 150 305 209 368 1 368
68 4 217 84 42 378 1 380
52 6 244 271 133 163 4 40 1 268
100 5 302 53 359 333 334 1 255
85 4 55 27 282 330 1 251
85 8 184 30 323 127 349 85 186 106 1 112
13 8 263 161 370 142 163 182 116 92 1 393
33 1 25 1 170
18 3 155 295 126 1 116
95 5 284 349 116 271 118 1 319
45 4 188 56 321 229 1 259
13 5 25 324 394 25 176 1 328
11 2 57 270 1 99
71 3 304 155 163 1 205
91 6 261 184 185 326 250 61 1 54
96 426 9
000000000011100000100001101000100000000010101010100100000000000010100011000000000100100001000100101000100010001000000100010110000000001010000000100100000011000110000000000100010000000010011000000000000000010010000100111001100010101000000010001010000000000110000010000011001110110000001100110010010000000010110011001000000000010101011101000000001000110000101010011010010010000100110001000010010000011000000100100000010000100000
21 7 82 409 13 122 285 336 380 3 82 335 394
67 1 223 3 237 22 225
51 1 219 1 360
41 6 273 360 45 256 227 289 4 101 290 92 194
21 1 237 2 226 77
1 2 90 285 4 177 89 68 108
60 3 273 350 350 1 178
52 1 188 5 342 22 154 276 422
75 6 209 357 97 286 399 305 1 407
32 2 94 345 1 141
85 2 362 277 4 196 290 366 212
58 1 103 3 126 41 118
68 1 111 4 389 386 354 298
17 6 305 368 118 285 178 399 6 139 201 207 22 194 228
27 1 366 4 31 146 26 262
42 4 389 421 43 285 2 372 24
69 4 222 312 285 47 3 67 198 200
17 1 68 4 309 379 279 128
56 5 368 122 359 206 137 3 304 70 174
3 4 228 198 12 89 1 358
97 5 217 372 257 389 160 3 240 191 316
38 7 362 243 371 137 219 67 177 6 348 138 320 21 113 379
52 3 357 77 161 3 38 415 365
10 7 141 228 350 357 305 103 328 2 367 333
52 1 217 1 157
70 7 276 108 239 21 82 409 113 4 308 277 372 343
5 5 278 72 335 31 269 3 345 223 90
44 2 348 139 2 116 136
69 3 200 41 198 3 196 109 16
88 2 77 243 1 224
4 2 21 94 1 145
16 2 384 335 3 243 181 102
81 6 206 67 350 245 218 363 6 93 334 201 49 66 173
66 2 278 409 2 318 379
29 2 189 335 2 203 377
15 3 279 269 200 1 190
86 2 173 85 6 235 2 410 311 114 262
98 3 223 358 200 2 283 270
55 2 77 368 4 138 420 137 253
92 7 146 212 305 65 176 307 224 6 332 86 298 176 105 423
91 4 389 420 423 190 6 65 364 122 340 87 167
36 2 113 330 5 353 139 169 290 133
89 6 43 362 243 13 85 318 5 33 372 254 341 399
78 5 207 43 407 206 178 4 218 68 129 108
48 2 86 113 3 34 269 359
21 6 125 145 136 113 277 296 6 99 223 24 266 374 276
41 2 296 92 6 315 402 276 24 28 206
57 4 203 328 28 16 4 144 207 251 326
66 3 16 34 139 4 143 54 282 358
1 5 191 307 22 326 111 6 46 88 59 399 346 231
35 7 298 21 239 178 87 33 315 5 104 16 234 240 1
80 1 336 1 55
67 6 362 113 328 173 2 239 1 150
88 2 214 240 2 270 180
46 2 90 335 1 279
44 3 422 276 363 3 124 247 65
58 7 366 105 282 99 262 410 146 4 304 156 302 225
64 6 31 276 167 372 318 137 5 300 231 75 82 85
66 3 421 372 46 6 59 168 134 2 167 259
13 5 380 253 148 229 223 5 417 333 404 257 379
89 1 111 3 383 345 102
68 1 298 3 227 37 42
43 4 341 309 111 155 1 327
16 4 173 251 357 137 4 393 33 262 418
51 5 332 279 222 259 133 4 47 87 366 207
11 6 141 277 328 203 340 269 6 6 381 52 67 270 89
6 2 85 304 2 93 239
91 6 94 169 126 239 309 422 6 23 395 191 359 176 140
47 1 270 4 147 284 423 408
83 5 266 209 37 191 101 4 320 299 308 292
63 3 395 138 239 5 190 227 282 166 199
53 5 68 399 274 188 49 1 34
91 6 201 52 191 168 198 420 5 105 87 399 412 332
6 5 94 46 167 228 12 4 61 318 129 4
33 4 376 77 231 86 4 296 313 161 83
47 6 243 383 26 13 68 333 6 58 279 38 325 54 238
98 3 83 169 282 2 317 261
63 3 146 293 49 1 263
59 7 38 237 406 155 300 167 343 4 77 145 298 253
70 7 88 188 72 47 305 12 47 1 307
60 3 46 377 316 5 45 157 54 415 303
95 5 349 226 251 25 231 3 223 205 235
91 6 420 275 12 188 43 229 2 271 16
61 7 68 46 261 253 307 161 190 6 278 193 97 370 393 209
67 5 325 363 103 289 247 1 417
27 3 97 370 101 2 293 226
55 1 27 1 311
1 7 407 128 422 412 140 23 227 4 315 326 199 226
27 3 87 240 28 6 20 168 194 312 2 175
23 3 200 389 154 5 332 193 357 289 47
1 2 231 52 2 46 29
30 2 109 6 1 312
76 6 307 141 358 404 402 173 6 267 82 127 343 28 197
33 5 167 54 276 276 173 2 30 266
44 2 315 25 3 258 411 407
36 6 196 404 411 103 126 28 1 26
361 204 79
001101101101000000000010000001110010011110010001001001001111100100011010000011001010110010000001001000101000101010000001000000100100000110001100110100110000011000000000010111100000000010100000100010000001
58 6 145 113 69 39 193 148 3 52 128 6
34 5 10 71 109 185 127 5 154 16 29 90 24
38 4 40 172 109 128 1 150
10 1 120 4 141 166 167 111
7 2 16 146 4 25 79 189 53
88 4 30 7 30 127 4 48 2 19 101
26 6 69 101 101 175 99 128 1 105
29 2 96 136 1 42
21 7 103 35 35 166 113 61 146 4 192 194 20 169
21 3 41 152 105 5 47 113 200 19 52
68 4 68 151 81 54 1 80
41 5 54 81 7 25 52 5 128 201 39 90 174
35 6 89 151 41 29 38 189 3 191 85 64
20 5 51 35 142 175 170 2 17 11
88 3 167 42 59 2 68 150
56 3 197 39 158 4 7 195 89 84
65 1 51 4 150 113 104 95
57 3 195 192 25 2 189 200
27 4 170 175 200 54 3 80 127 152
38 2 53 169 3 162 30 199
58 8 60 95 145 80 146 7 120 148 2 95 113
73 8 201 96 57 79 103 17 20 189 2 73 126
32 2 105 99 2 92 126
100 4 158 192 23 31 3 14 133 197
40 2 17 95 4 203 122 194 117
5 7 20 133 117 173 120 191 191 1 26
48 7 120 113 101 201 95 194 31 5 74 65 61 23 141
33 7 175 3 204 38 109 58 86 1 202
83 6 204 30 24 17 148 23 5 8 200 14 153 87
25 5 90 151 31 26 146 4 166 68 94 58
75 5 20 148 47 189 117 3 10 150 11
3 5 189 80 83 167 40 4 45 46 141 44
98 2 174 126 4 48 43 26 157
61 7 9 137 24 109 64 74 85 2 191 101
57 3 172 44 174 4 104 86 55 43
62 2 153 127 4 145 50 113 62
77 5 64 47 202 14 141 3 9 204 57
47 1 162 2 67 182
87 6 61 89 150 25 42 170 1 187
67 1 54 2 15 121
79 4 15 113 53 4 2 145 166
92 2 173 128 5 180 177 110 182 1
44 1 10 3 166 185 34
59 6 40 29 10 200 8 180 5 164 159 68 93 27
1 8 40 90 86 187 87 32 201 12 5 89 33 100 5 33
86 3 194 170 100 1 1
72 1 68 3 164 62 5
21 1 199 2 167 102
63 2 39 199 1 71
56 2 117 68 2 113 40
30 3 53 4 68 4 76 69 185 168
72 5 71 103 84 90 62 5 63 66 193 175 86
35 2 137 122 4 43 144 169 163
92 4 44 14 55 25 3 142 95 139
13 3 169 69 177 5 106 80 51 70 116
88 4 73 48 201 66 3 156 133 4
64 6 201 141 68 142 81 35 4 107 104 92 19
77 2 59 77 1 182
28 6 62 157 51 57 182 199 2 11 142
1 3 162 85 26 1 32
88 5 92 95 55 99 70 3 204 54 37
3 5 105 159 39 189 57 5 38 29 144 6 79
87 8 180 34 105 136 174 47 77 202 3 183 127 108
65 8 59 61 23 42 148 170 189 166 2 165 176
43 3 189 183 136 1 22
13 8 176 41 180 174 177 23 1 2 2 18 122
24 3 10 8 96 5 178 57 123 108 66
1 1 172 1 153
54 7 68 96 32 2 27 18 1 2 67 36
70 2 128 164 5 151 30 157 187 193
6 4 70 20 79 130 1 20
2 4 29 11 66 174 2 86 164
89 5 194 58 35 18 193 2 87 91
37 6 4 26 128 123 80 202 3 110 56 165
44 1 157 3 159 158 26
62 2 180 156 2 106 70
66 8 48 11 40 194 38 44 48 17 4 204 198 52 34
42 1 23 1 160
83 8 113 189 1 29 15 64 52 17 3 3 128 171
69 3 152 48 25 1 153
55 4 175 175 117 69 1 168
80 7 111 33 95 128 33 40 163 1 41
45 7 103 30 139 86 43 120 144 2 119 81
37 7 166 4 63 162 11 183 158 2 81 7
70 8 55 111 180 20 137 113 166 7 1 41
54 6 65 167 17 202 91 25 5 163 123 186 200 69
64 8 25 57 199 23 200 130 2 94 5 196 100 116 156 156
69 7 146 59 4 12 113 96 100 4 108 139 6 77
68 5 116 51 9 108 24 1 194
2 3 36 69 133 5 54 51 171 104 20
100 1 64 1 69
84 5 20 17 77 139 11 2 51 204
43 8 168 189 70 35 63 83 73 6 3 201 203 28
81 3 139 157 92 2 103 94
55 3 200 62 55 3 81 24 193
1 1 90 3 64 128 29
69 6 93 58 175 1 60 120 4 139 129 149 120
4 7 40 64 83 111 93 151 26 4 192 189 24 181
95 1 164 4 77 69 156 75
86 8 54 59 32 146 84 80 129 187 2 3 74
47 4 71 61 106 154 5 71 18 49 35 76
100 1 83 1 76
73 4 103 49 84 171 4 43 77 93 9
78 2 130 79 5 72 48 152 200 190
39 6 181 23 200 66 104 65 2 185 40
68 4 153 195 27 144 4 163 10 134 62
89 8 187 107 72 191 91 137 95 136 1 100
46 3 102 74 60 5 104 121 103 133 162
57 1 10 5 11 113 76 72 147
91 7 107 25 95 167 119 163 129 3 38 159 51
68 5 149 148 79 153 65 1 126
85 6 77 81 80 104 70 72 3 52 148 85
38 1 6 3 159 161 146
86 7 100 148 25 75 71 165 100 2 101 125
80 2 170 147 5 52 126 105 80 83
97 8 51 26 24 161 180 93 183 99 4 152 54 95 141
37 5 30 46 46 68 63 4 109 97 121 79
46 1 145 2 138 9
10 6 161 134 97 51 26 182 4 54 152 79 188
39 1 4 4 86 69 154 118
84 5 64 126 189 80 109 4 155 28 166 179
90 4 37 46 129 168 5 11 26 129 112 47
25 7 173 172 29 201 166 35 200 4 43 197 150 85
19 4 164 46 160 119 4 11 14 172 63
21 5 133 39 142 64 125 2 18 123
5 3 58 189 43 5 95 134 81 203 73
71 4 175 149 148 30 5 163 4 27 44 144
67 5 17 195 180 34 144 5 154 41 15 160 162
34 8 9 149 134 24 30 78 99 154 3 109 53 188
98 1 170 3 86 33 69
63 5 153 61 47 68 199 1 29
21 5 154 145 26 172 64 3 110 7 1
39 5 80 111 90 94 141 3 104 147 199
52 1 10 1 167
75 2 194 31 4 135 55 130 93
53 2 204 121 2 84 100
80 7 100 193 91 156 172 142 147 5 174 185 130 44 57
26 1 187 3 116 55 176
15 4 109 6 69 57 1 39
85 6 174 189 112 125 60 95 2 68 64
45 3 20 168 163 5 152 27 152 125 75
52 5 68 69 175 133 23 2 167 64
65 2 89 86 4 36 167 179 140
30 7 91 89 58 5 7 128 74 3 45 13 158
48 6 108 100 76 18 65 120 2 178 137
55 5 178 104 75 116 156 5 17 35 92 32 106
54 8 52 94 42 1 155 154 155 167 2 5 3
25 2 158 4 5 192 204 18 163 89
73 3 3 14 139 5 204 189 120 96 70
51 5 77 140 180 69 144 1 15
7 6 41 133 181 110 86 6 3 106 98 111
65 6 1 157 79 177 116 10 3 194 66 73
2 1 71 2 141 14
79 4 193 149 30 113 4 151 67 35 115
96 3 43 193 116 1 40
55 3 109 198 94 4 92 84 33 125
17 8 53 4 13 23 190 154 2 163 2 16 45
85 8 185 183 109 50 173 70 198 1 5 131 31 191 17 168
57 4 104 41 194 156 3 127 169 80
88 8 43 95 156 34 134 71 47 91 4 43 8 158 116
96 4 108 155 85 163 2 17 83
92 6 62 106 60 172 6 53 4 124 133 139 33
68 4 61 80 96 33 1 83
5 7 12 147 14 121 168 36 33 2 118 34
64 3 22 50 172 1 68
73 1 90 2 132 84
48 8 164 30 51 73 99 63 183 187 2 25 13
67 2 127 34 3 148 26 137
67 7 163 72 39 155 119 32 22 5 22 136 139 26 133
84 6 31 176 112 85 47 147 3 126 180 50
96 2 119 169 2 65 63
92 4 171 182 49 126 5 66 123 49 145 4
67 1 148 3 98 93 6
73 2 64 139 1 87
46 7 2 94 34 203 137 47 98 3 169 20 104
43 5 141 57 33 29 201 4 2 70 165 179
66 2 35 171 1 191
90 4 147 132 36 180 2 85 136
99 1 73 3 119 162 129
86 8 176 46 157 164 25 13 116 135 2 25 162
12 8 146 76 30 33 160 102 17 65 3 188 76 10
17 7 90 22 142 159 91 155 40 5 168 8 150 52 8
25 1 80 5 70 1 40 89 68
44 8 3 198 191 121 51 62 193 102 4 144 130 18 41
98 5 129 152 185 174 191 3 6 171 60
42 5 35 118 126 122 191 5 186 37 140 53 116
76 6 80 187 126 124 201 98 3 16 64 40
99 8 64 119 139 137 191 196 87 42 4 91 53 196 61
90 1 33 1 55
28 3 97 77 139 5 60 172 114 37 44
42 8 14 43 124 61 131 153 61 13 1 198
39 5 16 91 119 199 14 2 131 31
97 6 179 55 24 55 137 11 5 178 24 78 67 1
30 3 93 156 3 1 100
15 5 122 34 101 19 62 3 18 165 42
85 3 108 117 70 1 105
35 4 27 85 67 24 3 139 168 162
67 4 81 174 83 166 3 58 131 40
57 6 94 17 168 164 166 123 5 177 167 167 63 100
39 6 179 134 13 193 195 117 1 92
42 1 159 5 204 99 179 135 163
4 8 52 11 29 67 139 193 77 59 5 90 92 171 44 174
53 8 14 203 56 188 92 91 78 137 3 193 91 27
32 7 115 9 86 32 194 87 168 5 184 131 110 85 132
84 3 114 142 131 5 131 8 179 17 165
84 8 144 3 133 109 101 29 81 92 3 47 52 146
7 8 48 62 97 75 66 58 94 173 4 79 176 141 43
88 4 101 155 10 60 4 57 66 201 16
47 7 177 5 170 2 23 160 28 2 68 174
13 3 200 111 193 3 80 33 102
14 2 120 102 1 174
100 5 69 162 22 195 122 4 64 144 178 144
21 8 41 38 170 171 116 174 132 116 4 69 201 45 85
78 6 39 128 83 112 92 102 4 184 15 7 198
69 7 134 160 187 18 103 95 124 5 78 43 26 97 163
55 7 174 91 125 127 52 152 8 2 172 193
30 3 151 25 122 1 138
55 5 78 162 41 56 161 1 5
78 2 40 64 1 39
78 3 8 47 36 2 90 24
4 8 63 71 182 74 78 120 165 70 5 113 22 139 46 19
68 6 152 68 96 133 127 146 1 147
42 6 109 149 86 12 30 204 5 70 110 75 1 62
42 6 147 50 153 97 80 32 1 46
62 6 66 200 48 61 147 100 1 178
65 6 175 132 49 18 153 33 2 177 173
74 2 158 154 2 6 66
12 3 12 16 144 5 141 87 81 60 16
64 8 132 56 128 159 132 15 62 87 1 53
41 3 158 28 181 4 7 162 158 198
33 3 73 20 46 5 130 35 183 188 37
44 4 59 149 125 1 5 52 43 4 165 146
79 4 37 76 123 77 1 154
90 6 16 99 49 101 97 101 2 150 155
61 6 9 51 176 140 35 183 5 165 40 49 84 77
18 2 3 200 1 5
88 6 5 151 61 132 83 72 2 108 159
22 7 49 191 187 30 169 69 181 1 99
74 5 142 26 103 197 58 5 182 131 35 132 204
25 2 142 186 2 155 177
54 5 109 177 35 2 185 5 108 129 119 64 64
73 4 141 46 76 98 1 151
12 4 149 56 6 73 5 122 6 192 39 111
75 1 119 3 198 142 164
39 1 78 1 88
38 2 204 31 3 87 121 204
58 3 197 152 42 4 146 128 33 157
5 7 37 161 47 141 9 176 166 5 53 169 66 62 52
80 3 73 189 124 3 132 71 193
53 1 7 5 181 161 116 84 108
58 4 189 17 14 202 5 153 139 105 201 62
33 8 165 69 111 170 167 25 7 171 3 20 21 196
31 8 133 172 140 68 112 147 199 156 1 39
29 2 131 97 4 31 15 21 65
73 6 37 170 130 183 175 159 4 55 196 5 39
90 8 79 165 87 200 8 53 177 35 5 110 190 104 70 43
88 2 47 126 1 121
100 1 10 1 24
93 1 160 2 183 178
84 4 8 130 42 73 2 127 197
50 4 152 62 53 8 2 20 80
80 7 199 153 121 154 57 18 17 5 167 180 162 77 157
11 7 159 165 97 12 55 141 175 5 65 144 77 172 25
58 7 55 185 178 2 112 79 111 3 147 188 98
50 6 189 167 36 23 16 122 4 139 85 164 152
71 8 14 134 33 90 49 93 87 140 1 181
93 7 193 50 12 182 65 193 198 5 185 24 141 14 5
15 4 156 70 154 167 1 79
16 2 86 109 1 124
3 1 189 4 65 61 85 45
75 7 169 106 4 204 158 119 140 3 76 159 154
50 8 30 160 192 104 58 98 157 11 4 179 29 195 97
60 3 140 61 17 5 113 103 52 14 167
40 7 158 128 57 173 202 113 4 1 146
23 2 198 11 2 176 39
53 4 29 116 75 179 5 70 90 109 57 136
64 8 48 182 70 187 198 86 172 22 4 189 120 176 14
3 2 49 78 5 98 90 68 36 82
85 6 39 50 93 52 164 157 1 198
11 6 196 61 178 15 182 181 4 164 69 5 173
55 6 165 163 126 193 25 174 5 74 110 31 111 101
47 5 9 168 164 182 149 4 93 81 26 145
93 3 121 158 85 5 155 85 136 41 86
62 3 19 95 154 2 107 150
53 5 51 162 204 174 6 1 65
100 6 17 24 96 82 103 87 1 62
64 8 160 165 193 26 116 42 3 157 1 50
62 5 39 125 122 13 158 1 61
12 8 145 133 29 114 204 59 20 163 5 108 145 53 146 139
55 6 172 124 139 76 57 140 2 185 68
100 3 203 106 134 2 150 140
57 2 31 30 5 30 26 10 71 130
87 5 13 42 22 49 93 4 171 124 114 190
43 7 53 2 200 47 50 69 54 1 93
89 3 132 3 71 2 86 35
13 2 34 198 4 40 144 31 80
69 2 190 154 1 75
55 3 202 29 34 5 40 48 154 52 98
72 6 160 51 119 158 160 33 1 146
36 8 1 160 167 142 184 160 43 73 4 176 100 89 61
89 7 140 21 31 182 11 153 184 1 197
5 3 17 13 15 4 193 21 153 94
37 6 61 107 39 39 149 184 3 28 155 171
88 1 194 2 83 39
73 6 191 203 55 191 51 200 5 173 88 76 185 99
52 6 155 136 20 186 18 105 3 122 101 16
64 5 6 155 158 25 58 3 49 178 69
70 5 163 163 107 181 181 5 107 2 182 8 156
8 4 2 42 138 186 3 94 133 190
51 5 96 120 26 166 63 5 33 18 75 28 85
39 8 29 134 47 178 2 174 189 129 3 156 35 68
20 2 50 4 4 142 187 124 103
13 8 32 198 108 203 187 177 118 77 4 167 14 5 101
90 6 77 165 174 145 30 183 5 5 72 64 45 140
56 8 113 52 98 85 190 96 189 43 3 78 157 23
80 5 147 3 173 132 162 4 102 116 121 127
57 4 52 135 122 167 3 94 67 57
92 7 11 187 32 144 26 149 203 1 168
9 7 171 123 62 103 46 139 41 1 136
96 6 46 55 186 70 180 103 5 147 201 4 137 33
68 2 52 200 1 178
62 6 139 139 6 102 132 69 5 121 24 121 68 28
62 1 1 4 186 135 69 127
67 8 63 1 89 113 125 110 61 110 1 6
66 1 139 4 161 125 193 98
38 3 162 8 196 1 85
57 7 113 70 68 65 33 18 51 2 177 110
48 5 12 146 139 31 154 2 74 34
97 3 127 178 194 1 97
13 7 137 165 136 175 198 158 55 1 94
23 7 189 34 120 8 87 88 144 3 142 142 50
91 8 70 77 67 14 123 92 51 14 5 122 127 79 81 89
33 1 117 4 27 202 50 176
60 1 204 4 100 164 186 123
92 7 189 154 117 43 173 115 135 3 48 194 165
66 5 154 116 45 138 107 5 148 193 184 102 164
99 8 99 70 170 5 129 114 49 181 4 176 78 93 198
71 3 159 39 24 5 172 66 77 195 54
47 7 141 142 95 33 80 146 149 2 78 161
83 1 169 1 200
70 3 122 34 80 4 73 44 157 26
88 4 141 65 76 75 2 138 64
77 4 52 116 110 153 2 126 64
87 2 42 77 1 63
23 5 118 133 170 39 36 1 32
71 8 75 112 28 131 25 54 190 132 1 35
83 3 100 60 177 1 116
73 8 9 155 71 130 151 28 204 62 2 169 42
77 8 62 178 90 189 182 22 29 19 2 114 42
64 6 164 3 124 122 121 190 1 146
92 5 9 182 44 88 22 3 195 7 105
75 4 99 48 202 37 1 80
34 8 68 120 13 156 130 136 148 59 3 130 152 173
81 1 37 1 180
99 2 114 113 4 117 96 66 12
61 4 53 98 73 138 1 193
59 2 67 23 4 181 150 175 74
8 3 104 84 108 4 175 156 65 144
81 3 145 97 57 1 177
9 7 201 66 23 146 95 63 73 3 132 59 97
18 7 185 155 1 103 119 44 107 3 179 15 10
154 247 65
1100000000000000000111001111000001101000001001010011100010100010001100110000101000100010001000100001000100110010000110100000101111001011000101001100001000101000100110011110011101010010010010000010100100011000111100110100010100011100001100011101000
4 5 57 71 197 236 119 1 86
47 2 127 186 3 99 130 243
24 6 119 164 212 25 230 127 1 32
5 8 52 155 210 171 37 86 209 35 3 163 141 95
98 7 204 230 186 111 186 146 104 2 225 20
87 6 241 197 79 72 215 68 2 111 210
59 6 169 171 2 244 180 20 1 152
91 3 104 236 136 1 141
74 10 136 133 104 125 204 145 200 145 225 165 2 56 237
46 1 243 3 164 218 130
53 5 241 135 145 236 157 1 234
63 6 175 129 99 2 32 174 1 192
82 8 189 79 178 127 2 141 197 142 2 31 68
27 4 32 53 178 175 2 154 245
98 4 204 145 135 234 1 16
44 4 125 145 119 152 2 7 68
54 3 186 183 104 2 24 167
90 2 128 142 2 238 233
67 2 209 186 4 164 135 246 232
11 6 59 135 165 16 2 234 2 129 163
90 4 107 224 108 215 4 164 153 134 4
68 4 157 104 234 233 3 216 100 42
76 4 136 192 130 57 3 127 22 223
20 8 52 142 83 21 25 151 230 117 1 91
21 5 157 189 155 197 140 1 63
25 10 195 21 100 244 235 218 244 151 32 197 2 71 36
59 7 157 168 130 180 26 204 157 3 46 90 57
59 6 229 56 170 21 169 154 3 154 133 58
24 6 240 43 128 153 100 63 2 2 179
11 9 222 51 46 215 223 240 77 243 36 1 242
26 10 204 27 236 222 186 77 224 225 228 91 4 75 203 142 238
94 6 134 246 224 16 27 232 1 149
83 2 153 67 4 150 29 19 235
29 7 200 75 127 222 77 135 183 3 42 58 247
88 9 67 4 42 128 145 169 153 141 171 4 239 42 239 178
22 7 241 56 200 171 26 4 22 3 29 50 154
52 6 152 48 244 130 241 165 4 6 112 171 189
32 8 200 35 53 90 233 87 200 235 2 5 32
49 4 215 192 90 140 4 106 142 163 209
27 5 224 232 1 168 212 3 116 184 17
70 1 244 2 205 131
92 2 152 135 2 44 192
15 1 155 1 6
23 4 164 165 117 168 4 148 62 234 191
70 1 58 3 60 116 63
30 3 236 63 50 4 59 213 42 208
3 6 24 48 87 79 238 31 3 198 115 40
18 1 2 3 120 205 225
48 2 79 95 4 84 26 20 118
4 4 42 197 50 34 1 194
71 3 22 222 127 3 224 195 39
45 5 210 237 79 209 204 4 214 152 15 237
14 8 86 148 25 239 236 186 191 112 3 181 233 213
72 5 155 32 20 169 133 2 166 137
44 10 115 108 130 224 107 63 230 235 203 224 4 229 222 51 177
9 2 59 215 4 77 226 154 121
54 7 58 236 157 163 184 203 130 2 124 157
84 1 223 4 111 66 124 24
43 3 136 108 7 2 129 213
80 3 169 232 83 4 114 152 214 176
67 7 57 161 170 176 197 133 21 2 90 205
33 8 79 7 17 176 84 198 28 75 3 58 16 35
93 5 40 171 218 232 195 2 244 121
89 4 42 83 200 77 3 187 100 146
54 3 66 208 154 4 30 137 42 111
28 9 62 4 209 170 145 27 121 15 242 1 48
51 8 213 60 137 30 56 234 232 2 2 108 111
70 2 236 216 1 214
59 5 181 127 153 242 133 4 177 197 64 85
23 4 200 16 161 191 2 16 240
14 6 104 222 164 236 210 179 3 192 104 40
95 3 214 56 181 3 82 239 12
77 6 114 222 140 83 44 82 2 37 24
74 2 124 209 1 199
7 6 142 150 170 121 124 124 1 92
49 9 181 148 40 200 67 25 24 212 208 4 148 109 88 48
63 10 183 59 150 84 86 82 184 189 124 165 1 133
2 6 62 152 114 58 125 223 4 45 242 211 186
6 6 68 200 140 21 242 35 4 171 240 159 37
66 8 42 234 164 31 184 214 43 63 1 244
64 2 95 85 3 163 58 54
8 3 52 230 59 1 231
68 3 134 233 223 4 128 27 210 160
14 6 59 160 191 125 48 225 2 165 177
31 8 125 119 161 163 232 133 241 197 3 78 26 8
87 7 68 115 111 177 231 34 84 4 76 173 180 39
3 9 25 27 71 211 213 165 46 86 72 3 122 64 221
27 7 90 242 157 235 179 183 58 4 207 198 201 68
81 9 85 234 87 8 129 114 192 82 194 1 231
75 7 238 153 60 222 43 22 50 2 172 145
100 4 148 194 44 52 3 2 142 65
6 5 237 228 131 65 68 4 229 111 29 18
80 10 118 176 6 122 117 59 242 18 187 169 4 241 25 197 67
34 6 239 245 137 234 203 149 4 169 124 168 175
87 3 216 197 21 1 71
52 2 56 91 2 23 177
38 8 32 155 175 88 194 160 82 131 1 181
74 3 149 63 146 3 118 155 183
65 7 213 208 28 148 148 240 114 1 6
52 1 212 4 42 229 27 78
26 3 117 146 243 1 20
97 9 35 241 125 201 231 245 178 100 186 2 145 59
11 10 154 204 130 7 46 51 44 231 52 154 1 228
14 2 88 239 3 173 41 208
82 10 189 222 192 76 191 43 95 12 7 54 1 68
76 1 160 1 23
18 5 66 238 35 41 36 3 24 154 48
43 2 83 178 2 185 11
11 7 134 18 2 245 112 15 48 3 96 45 105
10 6 191 85 153 15 48 117 3 38 172 189
95 1 169 2 163 187
88 1 92 1 139
36 3 60 239 130 4 214 11 137 154
56 3 25 200 150 4 117 19 223 153
46 10 68 122 222 179 22 149 34 46 108 43 1 24
74 7 30 25 24 231 95 118 128 3 138 76 221
49 1 245 1 79
63 5 214 204 165 25 234 1 194
75 3 218 120 189 3 161 226 163
63 9 128 62 85 170 31 127 83 151 117 1 48
19 5 64 54 23 43 191 2 44 242
47 2 111 224 1 223
79 10 75 76 215 22 122 17 109 6 141 58 4 113 152 108 223
70 5 39 170 4 60 79 4 17 236 46 61
37 9 224 8 134 247 82 45 229 159 119 3 58 244 37
88 5 116 185 168 63 44 1 42
42 3 108 125 210 4 226 7 139 11
99 2 84 100 1 140
81 7 121 72 127 234 165 56 77 3 48 232 187
12 4 175 163 209 116 2 95 213
87 8 242 78 238 160 244 71 56 46 4 193 231 136 1
69 3 167 59 25 1 31
76 2 127 195 4 66 48 72 194
28 7 229 246 62 246 63 225 59 4 86 168 19 114
61 9 15 105 221 32 160 218 84 118 213 4 105 101 9 15
100 9 35 127 66 99 229 57 165 77 198 2 62 120
6 5 56 239 240 150 35 3 52 246 92
54 2 108 216 3 38 23 104
16 7 111 95 54 222 26 25 92 1 29
28 10 36 138 117 5 12 226 169 212 96 5 1 22
60 10 124 122 5 124 134 231 78 145 236 201 3 143 72 124
4 4 108 20 197 29 4 175 214 199 172
32 5 30 18 9 143 15 4 135 220 17 128
25 3 243 6 25 1 7
1 5 85 4 11 180 242 4 39 73 152 14
78 9 58 92 235 161 240 133 58 175 243 4 175 185 183 100
58 5 16 141 63 6 200 4 45 124 138 97
18 10 88 30 82 154 84 63 121 244 40 35 3 142 46 83
58 7 155 56 161 21 243 96 216 2 89 160
95 3 161 61 185 2 188 209
67 7 111 138 183 188 211 58 133 3 134 103 109
48 4 153 220 242 68 3 115 132 198
27 10 237 180 7 64 78 23 105 124 109 209 1 200
43 9 163 247 26 173 178 17 136 44 222 2 189 222
