5000
753 2170
4859 2189
3870 3271
2713 4849
3966 5286
1045 639
5465 275
1114 5262
2414 1046
5062 3201
5116 1408
5094 4502
5966 3985
3635 387
4408 977
5270 2952
1052 3189
5444 596
3957 513
5723 4327
3034 1392
2132 5502
3281 2305
5728 2648
2153 4071
3996 3082
4243 3322
4036 2254
571 2249
5854 3175
5269 1977
1420 4578
3834 2892
1259 4699
352 3142
3730 3411
541 2320
2398 2159
2137 2126
3543 499
1042 4360
1419 5866
2441 5345
2192 1869
4499 5460
916 2689
1412 5220
265 1958
2734 2963
2774 1545
1713 3161
912 953
186 4863
2682 3891
4240 2898
5587 2742
2750 2081
1062 1225
5807 3129
3021 886
1019 2905
1159 5759
675 2880
1522 3167
2514 2162
5330 2385
5551 5191
678 4457
4707 2207
2148 1276
2776 3663
820 4152
2588 2142
36 5901
4247 1263
4814 1298
93 3319
3525 4572
1444 1536
2016 3652
5574 4384
462 1102
5582 988
2105 1983
5119 2681
5467 833
2046 1326
1816 722
3081 4962
2988 1126
4443 3553
192 5911
1035 3544
78 5613
597 4183
1346 5094
3638 3298
5189 5758
2773 5704
938 2622
1521 1119
2143 1282
5535 4773
1623 5492
2202 3460
815 2301
218 2843
4210 132
4819 2076
5579 5917
4719 1222
2602 923
1228 2290
890 2526
4470 4454
3285 4227
4933 782
5882 1691
1924 4640
3859 822
176 5977
1728 5144
5739 3504
5182 2634
428 1527
4327 1835
3797 3394
5908 3062
5994 1059
5863 666
2631 800
5178 5756
4384 1185
2954 3805
2465 582
4070 5604
4618 2470
2815 2224
2665 3059
1782 1625
4919 157
1362 3896
2668 3360
307 416
3053 301
2301 3055
3041 5797
1418 5951
4076 1032
132 1461
4001 658
141 5529
5764 5233
5821 1851
346 5294
4644 2387
444 148
3719 5639
2203 209
2315 4149
3947 4970
3225 4948
3581 1848
777 2275
2275 5382
1108 1176
398 4967
1246 1727
4064 5787
295 124
5801 2435
168 2448
1971 2974
974 2727
4937 1588
654 5074
92 3306
2298 697
3652 3247
5235 134
3862 5837
3811 5145
1258 74
5237 1985
3825 1014
3858 2986
24 3814
1487 608
3147 642
2237 3667
711 1844
3162 5722
3412 3385
3803 401
1067 1663
2358 4968
5743 4895
3923 1428
692 968
5701 160
2228 2987
838 1495
960 3048
3019 4418
414 660
3145 5669
748 2883
5645 3542
3698 1195
4078 4613
1957 5884
2489 1711
3831 555
5825 4480
5667 2592
2303 3417
1515 1292
3217 5299
4889 3621
3686 5361
4658 1012
2204 3287
5984 2836
5483 2495
3169 5062
2576 4367
3617 912
5754 2132
3447 2520
4892 162
3178 277
2210 2192
5975 3434
4502 1025
2467 698
1146 3545
4107 703
4103 4996
3164 3138
4481 5844
3597 1103
3386 4538
3907 2310
3924 3952
2698 1332
2319 1787
784 2744
3111 5571
902 4354
1281 122
2881 2171
4066 2323
5098 2163
5724 3001
3292 2021
1251 2992
1899 1482
3704 5570
5890 905
4428 3761
2964 1378
783 4505
3196 2920
3230 3595
2691 4268
1422 4634
1445 5997
1240 3282
5778 4030
5952 3846
817 2978
2670 4287
2092 3555
4734 4193
5348 295
1037 3097
4046 4208
102 728
1368 321
2066 4054
2746 1762
3029 4451
1480 2890
4479 3398
5033 5804
3949 255
4263 1798
3557 4624
2386 4999
4497 2716
5180 5801
4034 440
4170 5437
4580 2212
1452 5373
205 1248
3889 1921
4656 5063
4146 5607
4332 186
2551 752
190 5568
1987 2616
2120 5741
2916 3964
2163 1945
1558 96
169 5654
2223 5052
4450 1154
680 5659
2220 1986
3054 3889
3550 546
5142 38
2832 3169
75 4805
5468 5256
4914 5589
3643 1171
590 4879
2777 2776
854 213
48 1565
5552 3368
4372 3300
4085 5364
254 4241
5583 4098
1474 581
5575 4905
3822 5275
5428 4676
5517 3853
221 4329
2936 5454
4433 4775
3187 5170
1229 5098
485 3073
4677 5295
3004 4397
4259 4166
3616 4883
1470 2116
3535 1163
5534 489
228 5441
2710 5620
4239 5036
3337 4761
2426 4394
2080 240
1615 4462
3994 2274
5031 5601
702 1693
2993 4742
2289 5143
5502 4005
2755 4405
969 3176
4643 845
1122 777
4926 5731
5152 1093
2515 36
5381 2414
3853 1202
625 454
3863 973
2089 1784
1722 2079
4869 143
2505 3774
5298 4829
4964 476
4390 3735
3568 3234
3043 4169
1403 1320
467 708
2078 1481
5602 5785
2245 3704
4639 5890
2507 304
1990 5205
577 4280
5564 2297
5252 550
5935 5510
3713 3241
3942 4431
1926 3882
3927 437
5114 2682
4466 5130
5476 1857
480 3583
1970 3785
1120 1212
380 5811
2985 5527
3645 5005
4191 2160
891 4638
216 802
3304 1981
5413 1236
4071 1371
2496 42
2394 3416
5881 1549
472 226
3601 178
866 4265
911 4244
3731 1809
1423 4468
5679 5881
4086 2855
3231 5081
2997 271
1772 5244
395 4546
5474 4672
5055 5340
1222 1152
5035 4534
1214 5714
1089 2737
1524 356
4505 382
5123 3679
1473 3229
416 5225
5263 1506
4524 4305
1028 2217
1243 3004
1384 242
2917 3874
46 4337
4496 1396
2760 5709
1696 1357
2824 5076
4559 2242
432 4696
42 1496
1650 4479
5010 2432
4955 3819
1486 72
322 562
4843 963
889 3946
3538 1215
4601 4248
3464 938
4692 5981
4480 576
280 3696
5664 1186
3958 4326
1920 4216
3642 2180
5102 1074
4950 5886
1303 218
5131 1574
1905 2751
145 5851
4139 4355
66 2642
2788 4034
2194 4719
619 4647
5352 2625
5349 2442
2986 3854
4398 2328
3664 857
3970 4888
518 180
3654 3659
4873 4221
2850 2412
1707 5949
1896 4120
2344 1221
1895 3680
3943 1343
486 372
4325 2867
4221 3588
1165 3270
1762 1861
466 4838
604 5987
3505 2628
2494 5971
5385 5631
986 5864
5417 1359
3120 2945
1756 2234
3749 3220
3913 5253
4531 3890
3365 5725
3857 3936
4013 5925
1883 3838
2268 5989
4303 4739
5213 5152
1147 4655
3228 5261
5286 3857
4094 1651
2826 5606
1366 4981
3378 4646
3260 3725
1825 610
4581 1435
1076 3894
2538 2928
5382 4661
2503 3165
5415 4095
364 2423
2254 2294
3241 4045
2054 2087
5159 5388
2933 2839
5498 1395
3300 5078
2743 4048
980 549
5177 5422
2472 1147
4147 4994
2934 2350
2 592
5053 4543
5792 3584
2806 2924
3050 3784
3077 3718
2217 1887
4545 3770
860 4608
147 5057
4941 5407
461 924
494 3027
2352 5990
3200 5435
851 1035
5138 4746
3775 884
2987 2939
1087 253
1481 1226
545 2465
4011 103
893 4815
3756 5721
5323 2052
2874 2906
2172 5199
3684 1690
3980 3614
2411 4470
1190 300
55 1594
4838 5638
5216 2538
644 3412
883 2968
1798 3513
40 1833
3366 4554
5496 2966
3219 1315
1749 2400
2617 111
4388 813
5341 4748
1148 771
3311 1393
404 4519
5953 3333
1608 856
5234 1978
4444 4378
1075 5824
2323 585
1399 2150
4978 2203
3969 3827
2308 5810
2011 2230
5006 433
3919 5752
5472 4389
5521 5645
2896 5481
115 1553
5246 334
1400 3787
4667 536
3269 1500
1427 2829
1676 5029
4462 2
4487 1473
4203 3691
2469 3674
2690 4344
1088 671
3992 3948
3860 330
5308 2443
632 911
5916 2051
3499 3933
457 1521
3573 1824
2009 85
4149 514
2417 127
2699 3184
4754 3640
3099 4822
4337 4096
2556 3103
2568 1866
2818 2420
4708 1634
367 3741
1336 4891
1771 1460
4217 5533
2905 932
2853 2712
2902 4065
2294 1142
4747 2008
4059 5228
1409 2812
2945 2173
5432 1646
3873 1717
441 3015
1786 3921
2545 4051
2198 442
714 50
3426 2067
993 3243
688 5778
873 3384
4731 502
5292 4897
1081 3233
5768 5800
2833 5252
1975 713
5208 2686
1715 5617
5160 3902
4233 1187
4784 3566
5870 580
1426 726
1068 5831
724 4461
5748 4511
4605 3068
4121 3406
1502 172
1093 1972
4756 5306
5711 133
4416 4950
1997 4324
2961 2213
3644 1682
2885 2552
5572 3560
4612 1036
712 3799
5840 600
4780 5839
5753 3622
3348 4322
1364 3479
2502 583
2050 5497
2263 106
4520 4058
4776 2216
2338 2730
562 1092
3673 1816
2611 3379
1807 5622
3695 972
2004 3162
3211 5453
4126 3294
2186 1149
5592 1000
3615 1122
1851 3383
5387 3144
3794 4393
3343 5693
4948 3069
327 5858
4026 234
4260 5332
2072 2134
151 1134
647 3500
3742 3610
4985 2971
3741 1095
1846 4433
2438 5134
2110 1987
4287 5444
4271 753
1054 4019
44 3435
3521 4957
4395 5259
1904 4434
3095 5833
1402 376
1536 4410
3084 5541
5685 1838
3905 5047
694 616
2117 349
3709 4853
3641 4644
5016 3000
4192 366
3303 3084
1316 5912
5556 3339
3977 5518
3614 4581
5265 1291
4028 3086
2706 3569
4802 4199
1698 1244
5317 473
331 4961
5573 11
5351 1720
3668 1797
3874 2361
4163 4767
1599 820
3165 1218
5915 4219
3574 2777
1128 1061
3063 729
2083 4667
3678 547
544 465
2335 4489
2415 2715
3139 1365
1868 5652
5543 4293
4583 2130
5436 1243
5811 790
4229 3257
5363 1926
4417 2698
3394 3110
1712 5668
4130 1346
5705 5996
1171 2874
3444 1296
5895 3635
5025 3029
5964 4148
1959 1366
4486 2844
1386 4321
5752 341
550 518
5625 1111
5150 1379
2744 171
3316 1124
2218 3579
3174 597
5042 4747
4564 5278
2761 5552
4676 3658
1937 305
5997 5004
3861 4744
4055 351
2990 1168
2689 2185
1080 2800
5687 3236
4770 4813
3003 3456
4375 3099
174 1048
1053 2944
5370 2386
4547 5020
1329 385
3671 338
917 2907
2068 1410
4782 2586
157 5175
4662 2765
1593 1442
4845 2604
3571 5600
1111 1123
3465 4882
3273 5241
119 1199
4960 913
5939 5309
5453 3197
5146 4001
1032 2516
2640 5428
3045 3597
1432 4984
4990 297
3590 986
682 4736
2796 5313
1732 2656
2174 1850
3657 453
5947 139
5867 1995
5578 2295
5653 399
2313 1196
2504 2331
2642 182
3981 3742
548 3421
4609 370
1282 5311
5220 2627
5888 1269
275 1586
343 4121
4102 3596
2995 287
1298 5578
2941 815
3868 1472
3501 3818
506 207
1757 4373
5800 2225
5240 1781
3000 279
1520 5612
310 2006
2625 3919
2399 5554
3037 3373
2692 4032
5051 2935
2791 4472
185 1040
3193 3232
4963 2404
3382 2460
4328 2745
2884 3259
5569 496
1210 5634
5843 5412
4666 138
239 3752
2090 1793
601 2121
5852 1172
5540 1665
4198 2371
4602 225
2950 1387
1325 3033
5636 3611
4712 1511
5210 4642
88 2327
4235 2005
3290 3625
2325 3859
1352 4300
3750 1976
4868 1166
4452 3370
4748 909
4529 3631
828 553
5839 864
2976 340
5392 3645
4721 4314
4526 1623
4223 1801
2935 1069
669 5679
1849 1810
2434 4514
5166 1903
3566 1314
2149 2139
4448 4724
3964 1618
1534 994
4188 4552
2837 3706
5469 2972
200 1270
3398 1902
407 3931
2681 1704
5555 5190
3102 2570
4212 2202
2353 4615
2488 5885
3052 5429
96 3137
3896 421
2721 3521
5595 652
553 247
4654 1570
5365 2909
3561 5027
3339 4626
4354 3227
745 4043
400 2650
5073 2425
4771 5681
1049 4380
4459 4487
2906 745
3397 4179
1266 394
1684 1769
4464 574
2795 4611
3680 5873
4184 3533
2571 208
5433 730
4065 4832
1950 3374
5817 5174
995 3841
4536 1713
4407 1992
439 1687
18 2605
4273 1118
818 4059
3001 216
5439 4233
1764 5941
5672 505
4976 5584
3374 1451
1514 5791
4057 993
4231 4772
2548 3303
3419 3353
3047 1297
5296 493
1621 2074
522 3616
691 4833
409 4402
630 4904
2940 3159
1300 3202
4973 510
5318 3318
2108 159
5430 4318
810 3943
1106 922
274 4765
5226 121
1353 1931
4790 4872
3814 1757
615 1575
155 731
5827 146
5626 5406
2474 5478
3841 4258
4825 1181
1447 47
1809 540
5458 4415
4852 3530
1379 319
3104 659
2229 2523
94 3786
933 2370
853 1028
3782 3
618 2504
2019 1774
408 1303
4320 150
1355 572
4954 3204
3009 1411
1830 3617
270 2343
1885 3265
4798 2780
3456 2908
1894 1056
4527 1763
4143 4599
226 336
3071 889
5027 291
4591 3609
1257 2321
4047 630
5479 5506
1407 1968
4513 1107
4344 4797
1660 3420
2113 2398
847 5711
4122 164
4998 1301
1061 462
4851 4921
2599 3444
3205 4762
3630 3017
5533 1438
3140 312
3161 3209
4562 1206
1813 4952
5758 2588
3385 3337
4024 5264
5950 108
5732 3483
2130 5592
5806 4512
1377 2633
3600 3296
3116 282
668 2998
946 5755
1590 3511
2868 1947
1996 2758
3073 5485
2371 933
5454 2311
3203 3016
1839 2926
1964 2951
696 1970
4898 1070
3131 2879
2952 3591
5020 2721
5028 5321
164 1424
5526 5399
3567 184
1280 4859
3190 3885
5772 5477
4471 4622
4173 5683
383 1744
1237 4151
2834 5991
5544 3993
3847 3264
4378 4281
4321 4809
2116 1890
5730 2608
1993 3046
1387 5370
2390 1973
1512 1585
5271 21
2382 2930
740 31
3224 1604
4866 4991
1248 3739
5371 4852
1711 1493
5163 4987
4508 5705
125 128
11 4918
4488 1430
556 5961
5824 4614
4867 4361
977 2781
4624 1328
3265 3650
3313 4492
2992 1674
2528 1999
2957 2672
357 2919
4054 1313
5606 804
686 4203
2343 5493
3887 3575
1127 5246
3650 2273
3478 3038
2566 3626
1596 4455
1947 1268
1576 720
370 1841
4031 4770
3912 5730
2027 3806
5674 3422
2814 179
5557 3256
3687 2683
5326 954
1706 1488
2600 5355
4803 2078
445 4933
5017 5091
1838 1930
1919 3535
3497 5750
5518 1980
1914 4438
63 2251
3824 2524
3526 4518
2589 4884
5799 1363
1646 5998
4442 5051
3218 1468
1315 5131
4910 915
1543 5352
2258 4751
3993 3538
1328 3252
2847 520
1917 5590
3844 90
5331 701
5309 5963
4100 4037
3268 4113
3185 5599
272 1157
4286 2257
156 359
2445 5007
45 120
5707 867
3928 1826
3989 5030
4750 1080
4423 4387
4880 4134
834 1367
5222 887
5423 4663
531 2376
1107 214
4253 2326
4189 4350
2492 4600
1256 5137
5700 4740
3988 3054
5249 3605
5333 5474
5663 5712
2522 104
4821 1898
991 1659
4041 3651
1378 1272
3431 4232
763 1938
950 4827
2169 5213
3781 4535
2991 1356
5076 5572
709 5754
2622 2714
814 3369
999 3487
3931 5983
1398 3909
1668 3950
4636 331
3886 3912
5951 2195
137 964
2359 5799
4040 5086
3443 5401
2347 2508
455 153
804 402
1729 2226
3722 5049
4281 2374
1273 1814
315 675
230 1151
2406 1150
3347 3779
4039 3804
2107 4411
3787 4047
1922 5734
3751 3873
4685 2072
4999 5876
2728 3075
1923 1863
5441 689
1784 119
600 858
4700 628
1099 3578
676 2309
4610 4099
5414 2762
2418 2070
2872 4919
1430 5843
1393 2397
5747 4456
2794 65
3471 5498
2535 1098
1018 1374
4000 4070
5347 5822
2485 764
4254 4390
4003 3430
2844 5080
4329 1190
1233 2269
3632 1129
2659 1216
5403 5237
438 2884
2805 5923
4079 5579
1829 5342
5133 3037
240 5677
913 2144
5846 3858
4714 27
2115 2767
62 5075
4572 1358
2391 413
4728 4974
2419 123
4993 3109
829 3356
233 791
5972 3666
941 3003
1529 2413
4073 1138
2017 5877
1746 3913
2864 3949
3852 397
4008 471
2753 4014
1745 2535
105 717
4920 2598
2136 5772
2739 4253
460 2665
4741 2792
3070 2503
5473 5450
2561 3618
3182 3552
4018 2651
4027 1055
4377 4144
1869 1050
4387 3708
2283 1631
3466 3286
465 2411
3925 535
2119 1715
5955 4449
4840 5121
2722 5037
1624 3174
4659 379
1564 1583
2012 1854
3665 4729
1344 3716
2213 3140
4900 3883
5990 2184
3033 2208
1708 4664
5212 4660
2272 5957
803 1870
3813 3067
4357 2360
3121 4391
4749 2375
2891 2980
3189 4082
5375 4685
2536 756
5649 2847
5741 1998
807 2314
5297 3492
3088 3939
5052 2938
1793 5786
4068 512
1837 2785
2023 2389
5398 962
558 3916
443 2632
1040 4029
2126 3225
841 4110
2838 4141
3326 5495
5378 2044
5311 5530
3280 793
311 3018
2915 3453
1861 5150
5512 1398
5063 3289
3945 2434
2903 5814
1587 3926
2071 482
2320 5968
2534 2703
1568 736
3851 4807
3296 1874
5264 4562
5355 1108
1900 3881
3423 4708
5176 1705
2943 1510
4144 5863
1781 317
2081 4556
2554 5783
4596 796
4864 398
1149 5372
4438 2221
4655 4560
4786 412
1193 4658
859 4892
2559 3493
2025 71
1946 3601
1559 481
3804 2169
1208 742
2146 64
4413 2007
4228 3439
2024 2817
3586 3791
0 2009
5842 61
499 3917
4367 4007
580 3809
5607 2809
4641 1644
4472 4851
5604 3372
1184 5467
3660 4503
661 5350
4995 1626
4279 16
1630 3223
1201 4328
1627 4830
2865 2462
4831 3216
4135 5649
489 4934
1198 4447
440 4282
473 847
1961 2241
4615 1778
379 3824
4202 1734
2555 3035
1293 1612
2471 5417
2226 5164
4032 4156
2401 643
2712 346
3434 1300
4128 52
148 2118
1737 4825
3415 3335
3876 3840
2910 808
5241 4795
5431 5574
2291 4771
3770 4458
3564 3122
3422 4201
3008 5792
4818 2707
4665 5357
3006 1355
5603 5818
180 4549
2676 3329
4381 1552
5488 5757
4045 2048
478 1911
961 477
1873 5013
635 3133
734 2826
1231 5140
3826 427
2498 3011
2459 5142
5262 3377
5118 5662
3320 5717
2624 3149
3606 5547
2466 627
5608 5315
5376 1862
482 5520
4642 3879
1602 4856
5940 5360
2422 780
5406 2587
2854 1455
1084 3378
4599 5947
4774 4483
5742 4353
3545 4698
3390 5446
4962 91
888 853
2831 5038
928 5154
3098 3066
4334 3474
2537 4263
1033 2107
5266 4922
1453 3207
5283 3053
2248 1601
992 5653
5727 2068
3755 5666
3198 4499
2487 578
5360 1247
1640 855
826 5186
4687 3293
2443 3777
3491 5569
469 2850
3354 4192
882 3219
730 2427
569 4870
399 3690
3428 1009
1965 1068
4299 1155
1443 2601
5343 1937
935 4890
4894 5341
2014 5014
2735 4537
1139 5742
5196 2066
3540 4862
5910 5302
5527 1458
5735 1450
3181 908
3702 4701
3816 1535
126 3670
5372 2106
1860 2778
2348 1397
5345 5426
5058 2993
401 5223
3703 623
2082 4084
3350 1692
1014 1003
5424 1566
5872 113
305 3199
4345 4939
5731 5410
1213 696
5584 4086
3517 1868
2577 5185
4043 1558
3297 1932
5148 3541
1374 4958
3323 4553
1142 5296
1742 435
5680 3869
5905 1576
528 4243
3455 1004
2897 5158
1278 651
3159 2279
3718 2617
5379 4601
1083 3638
4925 2499
5798 1732
4884 5380
309 5127
4490 4031
1702 2308
2636 3026
2227 5179
318 1758
5419 3981
4029 1086
3815 5972
2336 882
3856 3484
3363 3773
3379 1344
2499 1698
3926 3828
3372 3023
3409 1377
436 3641
3153 1559
5945 3660
4944 5346
5190 5487
5507 3636
764 5413
738 3539
5525 2145
2858 1628
4711 1817
1166 1913
5803 3835
602 5272
5074 14
3531 737
4622 4446
4650 2238
2628 5222
2862 4598
755 4130
3293 3951
4175 4547
1716 4237
1312 2637
3559 2401
2093 3096
277 948
2129 4764
2389 552
3936 2246
3149 4840
2057 4223
3827 3672
5197 1609
2155 3703
1992 5209
910 5808
3584 5194
4839 2561
5571 3301
4890 2384
4224 5637
617 86
1967 5900
5211 1316
2574 5887
1555 5875
3437 343
5248 978
3110 5443
2306 1039
515 158
4874 4788
2521 2114
3132 1494
5631 2756
5155 3341
5151 4580
1025 721
5920 4836
2615 5408
5462 98
3629 5503
801 3754
5188 5779
4469 2897
3207 3040
3259 4781
1375 3534
1981 5986
3767 492
4447 5660
87 3125
5466 3935
1041 4369
1057 5045
5896 328
2385 3419
1163 3461
2867 270
4628 3098
1013 3864
5639 5774
3453 2071
4475 3793
5396 1530
3418 1087
4686 5147
922 5445
3888 2483
4338 4867
1167 2446
1682 4174
5404 3432
5278 2901
3150 4816
717 797
491 5967
3829 3987
256 4448
1662 5559
4626 5260
2167 5250
5242 677
5238 4766
1493 3517
3406 4812
2173 3115
5284 4501
2569 5282
474 3312
2269 1961
1182 2015
4535 862
1121 4167
5654 875
2365 5891
2285 3284
629 3764
4532 2296
19 872
5523 568
2428 4026
2727 3347
5971 1611
232 2702
5682 2200
5324 1373
3791 3345
2482 3469
2493 1425
1887 3775
5961 215
1882 747
4507 3245
639 2322
5989 3344
5879 2904
4476 5938
1194 4868
5383 1413
1164 1971
750 5263
5501 928
1475 4915
1834 2574
5104 1433
2956 2834
3522 1144
2852 823
282 3581
5933 4861
5291 1153
3883 5157
4104 2259
5411 3362
291 2100
3622 3299
2059 135
4111 5807
4544 2165
4363 5928
422 2687
5090 5744
1306 3079
108 1893
4030 4573
338 2172
5613 1391
5539 1728
566 100
2191 1501
1569 2693
693 4963
5232 4429
4340 1389
199 3899
2926 2566
4849 5551
915 5532
3328 259
4585 3558
5655 84
2873 1390
4794 460
5117 5567
5224 168
537 1739
5804 937
700 3557
25 1680
294 1467
4590 5615
1119 1175
4865 4091
53 2581
1169 4610
1797 5457
3494 1081
5358 2675
4284 3502
2792 5277
575 2026
3881 3397
967 5044
1039 2894
4283 315
3594 3044
3941 789
3078 407
936 3709
4863 2406
594 2058
2001 5146
3278 1936
5173 107
1897 2597
5790 5206
648 5874
2413 130
1337 1681
344 2885
1264 3050
284 5656
3480 4596
1848 2694
1401 1426
1717 1380
3103 4949
4982 2069
3655 3678
3916 621
4264 2133
2647 1633
5755 3537
4251 2463
5437 818
5717 251
3710 455
5660 2991
1637 5136
1091 5820
4396 2623
4945 3007
2354 1204
4577 4998
3705 5855
3575 5273
20 590
4451 4941
4697 457
2898 527
791 5026
3549 3836
4922 2530
279 4133
4141 2043
5656 97
4391 4725
2193 3457
5508 3507
4020 2954
2608 3274
1901 1304
4373 2183
606 2034
1092 941
2653 5655
1949 3130
3400 1531
4637 2092
3967 5327
3624 2911
2164 3796
3291 3409
3833 5288
1566 3413
5709 4656
4809 2471
1408 1753
2252 4704
4887 3024
5463 2285
3808 3382
1538 3509
1932 2363
3353 3615
5782 284
3245 263
4696 2325
879 5433
1506 4707
3468 5633
796 3944
2508 5658
4586 2391
1438 268
2944 2658
907 1062
1669 4783
3723 1308
150 1700
3340 4122
3842 29
289 1832
5455 1831
2211 4270
1311 4720
5077 2307
1774 3693
3892 4145
3532 2438
5256 5324
1339 2759
4356 5236
3086 5268
3761 2614
5695 424
1644 2283
5783 1362
1620 3906
2594 445
2655 151
2557 4749
3699 519
863 1278
5068 4092
2449 3080
4213 248
5956 4114
118 18
3248 918
2979 5484
5192 942
1739 5058
819 1726
111 1440
2841 734
4309 1935
4569 3030
742 2936
3845 5944
1094 4500
358 727
1406 1602
3410 4768
3384 1764
3083 2501
509 1770
2378 4942
2772 3589
4699 4912
1614 3668
3294 3863
2630 769
4142 2266
840 4002
3333 450
3038 741
1583 1497
1658 5903
135 44
312 274
899 5110
3603 1917
1500 4609
3979 1777
2293 1694
3972 1808
1026 801
5108 2263
4172 3956
421 5034
5942 1339
3255 786
5295 4792
4965 594
3700 2002
2322 618
836 5594
4483 3423
2866 3446
1945 5729
1960 1839
1458 2579
2856 827
5357 1280
5927 360
418 3458
1986 5932
5665 532
2442 1156
987 1088
413 4625
4406 5105
3762 500
1416 4229
374 4828
5268 694
5329 1409
586 1867
4077 3355
5949 149
5885 799
4393 296
3055 1441
3014 5025
5848 4944
2909 4992
2966 2620
3176 3778
1537 1284
5005 5064
2736 4639
1516 5385
4722 5359
1701 5092
5541 2366
3157 1825
3878 5591
4715 2158
2244 4178
477 5524
2262 3139
5548 1954
1305 459
634 102
1983 5795
5002 1131
1812 2546
855 4062
3093 2099
5239 1805
3817 5976
1551 2748
781 1788
4683 881
1890 5392
1875 2910
2998 637
831 5374
4736 30
1284 4020
3060 3880
5666 3637
3997 3295
3727 4055
5619 3613
3747 2763
3772 5472
5023 850
160 992
3421 3594
2516 702
4435 3868
4178 2198
806 2493
4799 1060
4693 5846
1508 3684
3470 2053
5789 3520
3357 1875
2101 358
2242 2692
2125 5553
1561 5994
5661 5909
5903 1412
54 2753
4333 3309
1822 1946
1518 5727
1010 4979
388 3978
3724 564
3396 5480
492 3041
782 375
4080 614
3399 2527
5410 3386
4979 4926
1589 54
2366 2960
5409 5922
5760 3452
5067 3698
2160 3988
551 2469
2374 3619
2591 2490
5901 5093
862 4494
103 4932
5487 5202
4588 1755
5065 4039
2274 916
5091 1564
4717 1856
3481 2736
3417 751
3452 3074
677 516
5684 5992
3163 384
3472 289
5861 2582
475 4731
2810 2961
1661 1855
1759 3969
1815 322
4946 5832
4629 4633
3922 491
4288 5893
4379 2454
1592 2937
4232 422
351 95
4673 266
2447 4180
5545 5505
1528 5777
3502 5018
1563 723
1517 1736
337 2532
1619 4801
498 4079
384 1091
1196 5676
247 3126
2604 2793
880 5215
4044 4310
1731 2020
196 3364
892 504
5105 893
5277 667
1078 2889
2904 2013
5937 1637
2099 2456
4841 5950
607 2882
5683 1864
830 2610
827 5440
3359 1615
2144 1302
5585 3608
1678 5819
5509 3671
5520 2543
4318 5182
2037 2010
835 1256
2339 4570
3631 5459
1101 1731
335 2304
737 2639
3895 3757
5279 1621
5886 408
1843 1414
3796 4162
4101 429
5826 1595
2185 307
1688 5069
4242 82
3986 2723
1437 2942
5785 2458
1692 4088
4542 3673
519 5056
760 4077
2974 5860
483 5739
503 2091
2609 4559
649 136
1750 4493
557 5905
5558 2881
5282 4820
1969 2578
3475 89
2478 3348
4305 996
536 2819
1677 2576
5362 4620
3552 1456
332 5735
4138 1673
904 1952
5179 2060
3778 335
285 1165
663 4885
2820 4171
4319 5128
2579 4416
579 4466
5359 4146
1110 4988
243 3489
1699 3371
723 3414
520 4576
3329 3794
4371 2303
2567 5899
4258 4966
2869 1888
3279 5956
1000 1892
154 851
3759 3620
5588 4700
4169 1240
5876 3829
627 2042
5669 4673
4836 2109
2249 3346
885 2534
4353 2474
1373 1047
1466 4874
2370 2832
140 228
3156 3396
1639 3399
5729 5032
3107 4495
846 4738
2377 5312
2606 2903
1824 152
1921 3721
4635 1741
3051 710
3108 2395
1544 1094
3599 1075
5704 732
235 4315
4725 5829
2476 409
1415 2252
4267 1569
3436 699
5314 2030
267 3323
2035 1512
4342 2959
5223 5745
2005 2949
2801 109
1372 3516
533 2995
1761 1051
2708 5455
3065 4303
4274 5161
4753 355
2451 515
123 1249
894 4368
4872 5927
2430 774
1723 3647
3929 3675
4317 2461
657 4382
2484 1723
2638 2521
3221 3342
3056 5156
5781 3803
3959 4274
371 318
4820 217
4382 4388
2324 2095
3395 2925
901 488
4315 1754
3341 2468
5658 3966
1649 5897
5528 3085
5969 4544
3691 5132
2907 949
5214 5993
4980 167
4009 3145
4355 2746
5738 2365
1494 5619
3785 4692
5137 3501
4518 879
5980 3123
4280 1514
5703 5689
450 4194
1801 3127
1380 1245
2364 2073
2147 3275
2290 3058
5499 1962
4067 2466
3142 5198
570 3525
769 3358
5307 4153
1446 2369
975 647
5777 156
5412 2352
2238 256
4205 2205
142 3471
3917 861
1805 4515
5600 4176
507 2789
3420 573
2754 4093
971 1192
4115 352
290 4170
780 1737
2094 2306
5313 2514
4671 2476
276 4632
664 4597
4530 5432
1212 603
5620 4717
4604 272
5594 1750
1059 1474
2501 2362
3032 4103
5346 3540
4587 5651
1077 5701
3591 4340
1115 920
1513 5817
57 5317
1988 4336
263 1989
1085 906
4109 175
4005 3852
1827 3036
2152 749
2007 3188
3930 4161
4640 4889
323 1834
1871 4691
2702 3826
5043 1923
1862 2218
5144 40
821 1220
4200 4841
2201 3745
2008 811
2726 3816
424 1401
2270 5894
1864 2795
3739 3063
3539 1437
2003 5788
3264 2179
956 2955
4606 2024
405 819
2656 4426
7 3101
4431 4916
5599 4902
4691 1007
5320 2590
2704 897
5040 2775
5851 5596
1436 3116
4410 4743
3144 5046
431 10
402 1689
5315 2167
2968 1208
2079 595
1153 4398
845 1597
5255 5861
2982 3290
5869 4986
4811 486
3489 5733
3850 4189
2687 3661
1467 1579
302 685
2022 2235
1267 5314
924 1642
4461 999
909 1556
789 3325
587 5528
2764 2164
5494 5609
3500 241
1980 646
3151 388
4359 2807
159 5695
3976 1279
797 4158
269 1084
452 5371
3593 1578
4127 5383
624 2846
3317 5628
4230 2287
3579 892
5726 3603
4478 2857
3474 3324
1956 329
2645 1445
2780 5041
3510 4593
3005 995
427 3191
4778 5395
3235 3797
1978 2258
308 183
4936 3556
2859 2725
799 5073
3807 1044
2106 3877
355 1262
5449 3543
4967 1649
5162 137
1254 5836
4911 5523
3018 5162
4124 1188
166 2852
3570 2277
1535 5077
1143 3634
4002 4710
3798 1910
4022 2113
4155 1241
4004 4606
2948 854
3007 2355
1331 1733
4348 538
4539 367
1498 4118
5147 2317
2533 458
149 1466
5367 2956
4730 4334
2878 4793
3381 1860
5770 2886
4411 3953
5532 4557
5914 3772
1327 436
5943 2525
5460 588
5470 1919
1531 1008
5334 5023
2679 1573
2875 4649
1826 4654
1016 3865
5874 3720
470 2154
3451 5292
5001 4637
5221 3251
3013 1013
4619 4940
1186 1894
1152 1492
4460 1662
382 1880
4901 5809
5384 866
2771 1026
3729 2255
5983 5605
3675 715
5079 2563
2823 5248
2846 991
362 200
5887 4727
1586 2382
5342 1421
2062 3851
919 2293
5725 4680
2239 509
2070 952
2763 1830
5244 3532
4081 1994
4272 4067
4050 5124
2560 607
2899 1792
640 1766
2984 767
415 2472
4421 5258
3049 3783
1322 525
3249 812
3448 4089
4885 4069
2127 5070
703 2436
5158 2593
2028 3529
2851 4228
1913 5463
2277 3837
1021 3425
1261 4732
867 2014
3659 5686
1333 2772
5815 3192
209 3977
3427 1319
484 5761
1546 4215
3662 1843
3971 5232
5145 1439
476 3393
3128 5067
100 2862
4856 4154
264 3283
1690 501
2886 32
1573 2210
3588 4898
1663 269
500 542
5893 4016
5364 567
5009 5125
5099 3230
4219 935
4312 3866
3080 5367
1910 3577
5267 4430
4432 4568
319 4989
1523 361
2063 880
5511 3211
3075 2854
2461 1257
1763 2877
4174 1761
3951 1327
905 3365
5310 1229
3152 4357
3439 1101
5193 2626
3435 3743
5860 3734
5048 2149
2342 3692
725 3505
535 2554
64 3336
931 1260
101 3112
2790 4036
5204 5974
3257 1524
342 245
4582 2509
3180 4421
918 524
2607 2821
3637 837
3335 3351
2857 3057
4595 3546
1449 2784
2018 232
3689 3454
4069 3052
3899 378
5871 554
3355 2823
1578 1338
3965 3400
2748 3470
2513 2219
3875 5279
2812 1454
2124 2976
1320 2851
1285 1110
2652 170
3286 1679
5857 1104
2281 5699
1603 5243
5565 896
2657 4607
4266 410
4567 860
5418 3914
5350 5060
2015 3915
609 1818
2782 4106
896 1897
1611 3179
1244 5434
1469 4285
1695 5008
2677 1513
5793 2214
4501 4530
5408 4760
1156 5101
2311 1706
1448 939
3430 1305
3788 4038
4744 2515
198 1886
3908 3472
574 1031
1643 1571
4570 3203
5773 1640
3939 3076
201 3408
5948 2229
2931 1416
4974 2801
210 3627
2738 5397
5787 4938
3067 4272
4358 2876
3897 5338
3188 5585
3504 1876
4437 5095
858 2278
2479 3833
583 4000
5919 1821
1134 3100
372 3515
5957 3795
939 5048
4493 2824
4674 1745
1155 1335
2612 3898
529 4588
4579 1747
565 3564
5706 2743
5044 1242
3433 4550
3383 5566
4912 4003
5967 1077
3401 2655
5589 4185
3690 3239
5970 5946
2145 2522
622 1885
4740 2330
49 3497
1780 2717
5205 5857
5833 1182
4918 447
2197 4787
5866 5301
4347 5245
751 836
3148 5465
4180 1275
3234 1446
3277 3689
1962 4976
1404 3760
3920 2866
387 33
5858 5328
5200 5331
2357 5379
41 5806
990 3947
1747 1311
886 2677
2597 1064
857 1173
5601 2916
3555 3375
4793 4445
547 5910
1450 507
2893 4496
1622 1345
812 1647
1036 5289
1360 1965
4207 434
3461 631
4129 2709
122 4406
202 863
3983 4072
983 1667
1670 558
3338 2045
4881 1794
4827 4635
336 2835
2688 4128
2305 1858
2330 3034
3170 1599
2730 3093
4905 4286
4621 49
3368 1616
4949 4510
4630 2211
1029 4224
2938 4728
3708 5072
1550 4755
5066 1329
5276 758
3764 5888
2932 5871
3894 3083
3282 1587
1656 2467
5093 641
1130 1836
1250 2660
4558 4476
5014 2577
793 4376
4787 1348
4208 2336
1999 22
4766 2059
1221 1638
2971 1232
1796 4188
1819 3381
3482 4839
3312 1927
1232 598
2310 2918
2969 3279
3026 1139
146 3316
2526 1925
5761 2392
2959 3010
4943 5207
4598 5402
5327 4109
4298 2539
3215 4982
170 925
392 365
2553 3657
2259 955
2723 2830
3402 5189
3748 3792
2061 1743
511 3923
1902 4330
2235 1464
1230 1592
124 788
3893 4695
3387 1449
5617 4245
877 57
4510 776
5794 5793
340 5084
5733 1840
2732 163
2894 5235
5149 4022
1872 690
5898 2547
389 5274
1187 4927
3191 3860
4482 2865
3090 4196
2843 3357
5889 5343
1653 1006
1132 1405
5796 1498
1686 4323
5321 1518
56 4875
3252 4533
5302 1312
177 4616
1791 456
5820 5515
4051 9
2800 2201
1906 589
3837 3990
5013 2701
722 1967
1985 1969
3404 2204
1417 3850
3530 4157
3325 2459
23 1349
3835 2733
1464 5033
1867 613
5904 917
2056 1054
2433 5542
1854 4147
4310 4101
3271 2136
1031 1281
1725 3582
2703 43
3520 4711
578 4301
5322 2177
2632 5316
895 626
1938 5802
5849 5456
3779 5710
3125 5178
3523 695
60 5196
4304 693
800 3213
985 5163
5547 1789
1313 981
1651 3494
4370 4262
1525 1480
153 4920
5938 3343
5029 979
3302 4165
5107 3807
2383 1542
58 4288
1429 5280
1501 4928
1326 2161
1499 4997
5088 687
2076 1469
116 5719
329 4730
4176 4463
2942 2281
356 1457
112 3410
3237 4366
613 4046
4302 3782
758 5841
3158 5065
2908 1310
4409 5419
3389 420
3204 787
1606 719
4575 34
1852 1376
2085 5234
3836 5490
2351 4066
4350 4956
1891 1177
1671 39
3595 4142
3373 5560
874 5003
1828 2416
1655 5743
2328 1804
236 3576
5218 3607
85 5509
944 285
5060 1065
5671 5952
2100 5763
542 1334
4186 2845
4576 1589
5922 4197
5390 3632
2685 4291
5490 940
3799 4627
567 5904
1065 902
3625 3151
3973 1746
1878 1957
5184 2602
929 5423
1877 1419
4679 1776
4140 1859
4399 2895
204 1071
2558 5188
3321 2513
4089 5706
2845 5363
3232 4893
1043 4027
5084 1164
2446 4834
4500 3178
3828 2193
1939 612
35 5193
4171 2668
2340 3208
5478 5326
524 278
3752 5138
1858 4419
4742 5112
4425 5657
4049 903
1359 1547
2267 2783
4209 1666
1845 3855
1638 3258
510 4993
2234 5448
4733 3170
3057 1768
1335 1610
21 4923
5628 3862
3094 4911
3143 619
3002 4311
5219 2969
5373 3831
673 2280
4592 2941
5380 438
3184 3519
1340 3813
2720 35
2596 479
3247 2858
5720 2666
4688 5384
1588 405
4017 5611
2350 4417
4942 4475
766 2430
286 4565
3938 368
4929 4756
1105 5468
4992 4173
861 2426
887 944
183 563
623 3451
5402 1318
2549 2796
2977 870
211 2652
4322 648
3882 3077
4420 3628
5560 4723
1931 17
5394 2740
2768 4855
5482 5015
4855 2638
2960 3648
5451 3091
4294 4214
1239 4513
1297 5760
839 2517
4913 2541
4222 3999
2483 4523
4503 386
2646 5892
4578 2540
1126 974
4037 3887
2111 3128
3840 69
5445 4297
3309 5720
5124 2284
1842 2722
1817 1321
1770 1696
1361 691
3982 5684
5616 1089
4116 4850
3324 4242
3948 3490
4746 3200
423 967
5171 2713
52 4168
616 1490
4934 3711
3514 1180
4090 5068
1657 2814
2716 5169
1118 5614
3890 5581
2525 2849
3048 4061
1927 2431
3823 5621
3954 3173
1459 3763
1263 5365
4474 2900
4573 414
4634 4525
3322 678
1454 1406
2751 2209
1510 62
2785 2739
4491 467
4301 946
1579 3276
3605 5149
47 204
5522 2103
4339 3249
2052 4249
1631 480
3519 1520
3288 1135
2280 5696
940 333
339 5377
864 2788
215 3231
4246 655
1158 5512
552 1635
1571 4789
4657 2031
2718 1121
454 2584
3201 5494
2913 1251
3952 4119
1930 2842
3955 5230
2529 3320
4014 3938
1135 3910
2205 4325
1617 1684
2002 4575
4422 3262
1140 3180
2752 5290
1769 2704
1898 174
2021 2964
5422 1141
5019 1658
4445 3682
3869 4551
1007 1873
2572 1908
79 557
3243 5671
4538 1934
4168 3683
1434 1949
5440 1924
4374 3070
5037 4452
932 1271
1102 3888
610 544
4241 4319
314 3717
5199 2348
3975 2643
5902 4226
3097 2428
5834 1420
1799 878
2863 3968
3036 3788
3580 3217
2605 3049
5699 2035
5337 4541
525 2137
656 3630
5443 3226
5981 4953
2877 310
2619 817
5059 2782
4412 2734
161 5644
5973 2094
5503 3255
1090 3765
406 2529
1704 4946
1800 4220
1191 3440
496 3523
631 469
130 895
5884 5534
2470 5700
4160 4137
3855 680
2361 5430
5086 3982
5862 1042
1853 3467
4006 4442
434 4056
4195 3975
5489 1629
4268 2962
4940 4175
34 2674
1648 2647
5484 3186
1286 848
4951 4831
1247 2932
3476 5400
394 5439
5716 4774
5648 415
5471 1966
1270 393
3821 5469
4156 4529
3585 3152
3607 4531
2587 2805
543 2594
5181 3224
70 4909
4846 403
1697 3522
4261 5242
2580 4527
704 586
4805 2724
1705 2562
572 4150
5030 2838
4427 4289
1030 1847
1507 3428
4921 5369
1585 5353
5425 2491
2171 3313
4983 3291
1123 2220
5294 1011
856 2568
4226 2187
4215 936
4534 2599
3486 4737
497 1184
1160 2631
1020 3872
5718 883
1216 4271
2214 3528
2069 3171
3119 4528
5756 534
3733 4650
5100 4403
4152 3959
5845 4810
4072 2485
4627 389
1307 1033
2999 2997
5632 5790
1001 4866
5751 1382
5045 4181
5864 959
5531 2319
4249 650
4661 5748
2770 4936
1577 5133
172 662
1591 3172
2091 2545
2230 1605
4424 2047
5427 4777
4245 5913
3612 4234
3454 58
4548 1933
1635 2282
1219 1795
3016 1653
3061 260
2714 99
3242 1941
3547 3486
3186 1479
3349 3308
1079 5404
2784 4364
2481 2640
4878 3750
4110 2110
2184 1485
4537 5859
3758 3387
5183 4490
4574 2455
4361 2902
2660 4204
4167 2871
223 490
1844 1582
2408 2659
3160 4277
5344 1561
685 5257
3706 3633
1027 2680
5172 2004
1681 2977
5519 1632
5911 4857
4927 1057
5229 4423
365 5521
4276 3665
5865 5929
5651 5466
754 5366
5260 1617
257 4420
4563 5916
4275 5920
2097 3025
1310 961
3117 5229
2189 3768
2673 4473
3990 2199
3462 3715
2395 5958
715 5500
1581 1871
3405 3904
2765 5473
502 759
5125 3967
5678 4722
5071 353
1064 2335
304 1336
5677 6
1966 3160
189 1997
4568 3317
2255 2606
3166 60
5878 4348
3911 5425
4720 5117
412 609
2251 261
1841 5496
1063 258
1629 3009
360 4298
920 51
735 5623
2423 5059
2951 1140
3871 3401
3987 5218
3346 712
670 2359
4908 1340
1356 2585
5925 3045
3295 2104
1754 4674
4907 5337
3985 5830
1743 839
4678 2478
3251 5632
4832 428
2372 1540
1580 5933
1765 3310
2175 2591
5615 5775
3469 5116
4571 4802
1341 4540
1288 5812
5627 5255
1004 4292
2233 1261
4924 2379
1151 602
3763 3442
1863 2696
3679 3477
1471 1577
320 5100
377 5573
5622 2040
1806 5640
2195 3218
2135 531
3239 620
2431 1130
3155 101
3956 4865
5316 3240
1082 3164
4162 1233
2141 5629
2584 2985
5426 4716
4415 3280
650 2102
4871 5172
4816 5226
978 3147
3377 2766
1421 5627
2407 2422
4183 5661
2456 529
1642 93
4877 3729
778 4782
1554 5303
241 1353
207 283
4765 2786
1338 4474
706 2261
1272 2146
513 5691
5225 3269
1405 4279
3042 4878
1207 1791
5356 4602
4400 2542
638 5577
5515 5959
3562 2869
4566 1918
514 294
4419 5673
2139 418
2745 825
1792 2417
1009 4306
1385 2019
5475 5504
4335 5265
3307 3331
4710 2662
4653 1299
2975 4375
288 2300
1460 3908
4633 5305
582 147
4436 4733
3298 4784
65 3198
2304 1193
3429 83
5529 1350
2231 1725
2900 4985
5201 5431
4533 989
4062 5766
2890 1560
4824 2408
5391 2410
4010 1671
4917 798
3626 565
2707 5789
1318 446
563 4571
3516 4491
4099 1444
5802 118
2405 5160
4703 3856
2362 339
1504 5491
1095 958
605 4681
306 2981
5168 3800
5493 4759
5504 2233
5909 530
4975 838
2375 3724
5638 5180
5538 3087
2523 5024
4150 5740
3450 4508
5859 4925
5697 1786
2757 4754
376 3392
5968 5945
1074 125
2246 2444
1292 5039
72 3121
1610 1333
4772 443
5336 362
2257 5043
2981 1207
4038 1920
1334 4845
2188 4960
4551 3168
805 3592
38 1538
5992 4694
1211 4604
4817 2477
4153 224
1200 1227
2064 2507
2436 4362
4689 3974
2972 4758
1865 4666
2409 3237
2696 508
5816 2750
3802 2720
5965 3065
788 244
3459 5522
3962 1347
3283 5815
2102 4309
283 5767
410 3776
4684 2364
747 4799
1595 1323
3666 3976
3518 5217
2929 371
4316 3395
3783 1799
1192 3132
1317 3272
5435 2618
2641 1749
2506 1539
1823 131
2253 206
898 344
4957 474
4899 2764
1477 521
5978 5184
1195 20
3880 1021
2032 2984
1034 3267
2684 2196
3261 3261
3757 4954
1703 587
3114 4422
698 4763
1461 3972
3623 4579
2179 3445
4614 1657
381 3593
3210 3839
3011 3736
4670 3222
1552 2056
2332 4750
1680 3526
5553 4255
2410 1072
1174 2148
5247 4409
1918 3662
4133 5953
4166 2861
1390 2549
5986 3602
5559 3847
1365 2864
4850 511
3109 5926
5054 1096
2468 2690
138 2841
1659 1562
5974 4823
1383 4484
5134 1431
2666 5119
1941 3060
2333 2424
3527 5593
5906 1114
3305 5685
5514 1351
3693 835
1689 2117
5897 1330
4904 2373
1832 3281
1912 5104
2112 724
1734 3473
825 1002
3604 1404
4087 1900
1410 3527
1308 5954
3173 3702
5567 4721
3737 5108
3133 4413
4237 1630
947 2569
3830 472
326 2661
1598 775
386 669
195 4677
3904 3878
1740 2953
2593 537
4883 1584
3806 461
2603 2671
1202 888
5407 2264
1836 2719
4061 5838
5814 5323
3692 154
5092 2718
2994 1427
3262 4757
1497 5867
5999 5333
3082 4459
5306 3753
4695 2344
1727 810
4835 795
2927 419
1973 1399
4112 3391
5109 2494
2309 5210
5136 3903
3536 5624
4430 4078
33 3759
2742 196
4788 1806
4091 406
2454 4012
1388 441
684 3928
2053 2544
1972 1881
5325 5680
3932 891
5139 5664
5696 3821
4760 3254
621 1368
1496 2445
679 1201
1478 2439
3773 188
4775 1085
1928 292
1726 2138
2527 1895
5624 4964
4494 4586
2123 5641
1814 2825
3906 2342
3903 1846
2531 4881
2883 1670
5301 1331
538 3146
1700 2415
3135 2555
5227 3244
3449 3418
768 2152
4313 3433
2828 4504
2477 2403
4376 2536
3849 2700
5715 3654
561 4195
5586 1543
5836 5322
4119 970
4123 1534
5304 4304
707 4439
3950 3263
4446 1283
2762 2108
2855 5511
3197 4377
2882 5079
2297 4135
4060 5300
4238 591
5127 1112
2949 276
4114 5356
5694 1515
281 1483
481 1223
2919 3012
948 2089
5032 5879
2384 7
842 5708
2271 5476
5477 4312
5566 5845
2096 5878
2662 990
1488 2447
3179 3141
3106 3676
2811 3108
390 4906
316 5544
2512 3107
3728 3196
3351 2958
2634 2176
2733 144
5056 1082
3533 4589
2286 5718
655 3119
5995 3081
2276 865
4007 3687
1808 4910
2663 3551
1226 5642
4211 2670
5780 899
2363 1603
2416 5780
2749 3822
4931 5334
5397 5821
4498 1213
3220 5464
77 4734
554 4945
5354 1417
957 2012
4903 1024
3676 1905
5928 4407
2183 1324
1252 5707
1533 2988
4201 3570
5057 2243
4291 1209
3832 2088
1262 2853
1241 1718
539 239
3774 1191
1810 5427
3212 2922
3556 303
523 3512
5022 5765
2278 5546
2495 781
134 2531
1755 5085
2212 4465
1441 1771
4053 5880
110 5148
4543 1486
588 1254
3935 5672
5369 485
3458 1372
3101 3980
689 2064
3683 3694
1389 3960
3753 4806
4768 3644
3838 4520
1274 470
637 5055
5434 2023
4485 4592
4795 249
5998 3326
4556 5011
2403 24
5609 3747
3672 483
17 4198
3877 4569
3610 3302
4159 3064
3068 1580
113 548
2087 1200
1785 3700
4842 1507
229 3334
5621 1211
1549 2806
4148 280
1112 2899
5763 2607
4607 1066
4977 4482
4404 5960
2376 1879
2618 1239
1479 3061
2817 1852
3496 3971
3846 5939
1277 3590
2860 2286
2920 1639
4341 67
2793 1800
2296 190
1096 2559
844 430
620 1465
5591 3459
5831 1550
3113 448
5289 3941
4792 5411
3315 210
1735 5915
2880 5171
1472 45
979 1219
2888 5834
5926 2913
4620 4076
84 5764
4672 5006
220 755
2432 1100
453 4460
366 3056
2450 5931
5206 3221
5530 236
76 3266
1773 3600
2798 4205
3407 5508
4120 2940
458 1519
4324 5514
5930 5358
4987 390
5452 4821
903 5538
234 2080
5958 5240
1840 2394
848 3766
5112 4623
5921 2810
4484 4563
1889 2174
4938 927
3627 622
208 1532
589 4564
2427 3876
2420 738
4705 517
5497 842
4826 5650
353 3571
1002 3118
4343 3071
2819 1143
3484 1337
271 5486
3879 5035
5459 957
69 4943
4895 3402
5954 5663
5745 784
2048 3349
2299 2498
4660 4876
3376 575
2010 79
1509 1975
4812 1899
2168 5396
5932 3307
1071 1593
3780 2085
2737 4887
2595 1309
1664 3907
3334 3363
5015 1655
3369 919
1605 1484
2480 1767
5590 2731
3195 4971
792 1526
4179 2684
699 5694
2261 3905
1330 5378
5855 3032
1665 2611
4815 2194
4414 1822
2582 2358
591 5964
585 1106
608 3884
5611 1568
1940 2863
1268 3547
1024 2356
5446 2191
4593 3940
3743 4126
5082 5155
1299 5549
5275 5854
942 2312
5875 1953
4617 4010
2939 3929
2592 4467
3087 3646
908 1979
1612 1159
71 4803
3790 1842
2565 5728
1532 3166
4897 4873
3598 4316
1109 4191
5285 2441
1766 4097
32 3285
5819 2298
131 4073
2654 2039
1991 3415
1323 380
1324 2083
5818 4753
89 2272
3848 2402
5982 4163
4521 1043
128 2735
1008 4524
5924 4706
2464 4969
2664 2749
1 831
2614 309
3314 3328
3342 1654
5174 2129
1204 484
3020 5540
1370 1813
4646 4385
2424 3466
1933 2449
3725 2353
2326 2334
5438 141
4362 2957
5690 2511
5823 3845
2243 4129
206 4136
5097 2556
5913 5723
238 806
651 4379
4154 5266
2620 605
4418 3214
4701 1029
976 3997
4214 2147
4117 2093
487 1174
3115 5325
82 5902
4506 4018
4616 1217
347 4648
1050 2583
3076 3437
2563 5898
2661 4218
4252 4947
4737 807
5766 2001
464 2688
2221 449
1482 809
1269 2571
998 2691
3734 663
4584 1939
2924 2580
260 5115
5736 1982
4916 5798
526 5848
1787 744
449 5537
1197 4668
1539 5697
3716 5089
2808 396
5021 929
4439 5249
2368 1352
3122 5271
2519 2589
3074 4372
2282 140
5072 1504
59 2654
3902 2815
1215 5436
4935 1811
4204 1277
3216 4886
4738 2859
2222 4209
178 5409
5668 4591
1948 3781
5722 5151
354 1740
4988 5561
2953 1018
927 3187
2435 2615
2029 1600
2295 5118
5844 369
4092 5665
1058 299
2314 1803
4875 743
5328 2970
3900 4238
5987 4848
1634 3150
287 2155
3663 2128
1066 4521
2292 1370
1235 5090
4972 3612
4891 4686
3445 5948
3040 2268
5215 5896
3256 5031
1768 3871
1968 3407
3330 2451
2038 4497
2030 316
224 5999
4227 1273
1116 4791
4389 3870
2613 4427
5946 665
3467 494
5129 1146
4528 4858
3653 5794
3553 4140
3944 3352
91 3572
2590 3789
2138 750
683 1785
972 1849
3375 1109
2455 5771
2544 4383
1789 4290
417 5536
2300 2475
1223 1643
4365 1023
2970 5297
1951 1476
5186 5970
5008 3482
5388 633
1998 2912
1189 803
1925 1125
4056 4131
3818 439
4761 2433
4386 2572
4132 4641
3560 5211
5561 5167
4429 5319
5597 1837
1641 2496
2547 76
1051 739
2033 4371
3934 28
2150 4440
4244 4522
4383 4399
3646 5304
869 1463
708 4028
1857 2533
5447 1650
809 1294
2879 68
1645 2635
959 706
2264 3436
964 3925
5366 2678
5642 5980
4745 930
5070 2077
4651 56
3715 345
3582 4202
182 1041
4961 4808
3537 3945
5261 3131
4405 4257
1425 3438
3112 4585
3306 37
144 4164
1435 1027
5399 1394
4181 1714
2925 5643
1628 2345
5233 1049
419 250
2830 3922
5934 4669
4724 5543
3736 868
2288 5122
3263 3744
614 5390
2583 4347
4997 4332
5258 4786
5401 3163
3233 48
1958 674
187 5975
5549 3089
1294 2921
5281 873
832 773
1350 219
3503 5197
665 987
3602 2437
2114 3105
3793 1137
4759 1183
4197 561
3864 4670
795 1865
1880 5424
1835 3182
2573 3134
26 1214
5786 5458
3915 5595
5250 1996
4515 4555
3236 5475
5457 4603
3744 5200
2232 306
2683 3359
1017 4206
1915 4108
3508 3158
2848 5692
345 3755
3208 2803
3685 2265
5630 5732
5245 1325
5959 1295
5962 5418
3634 2065
3473 19
22 5978
4509 327
5993 3228
3183 1234
245 3563
152 1502
3974 1712
2955 2250
4603 960
833 3389
213 1285
2786 3723
2672 4817
2695 1115
4549 934
1674 5575
3408 556
790 1742
1253 5159
1859 2711
4785 4284
1047 3697
3688 2237
4194 5865
1553 4935
2658 383
3592 4980
3175 2112
5808 2492
5689 625
1457 2418
3361 2124
4456 2802
2635 2989
2041 166
4682 5889
5580 2175
3995 1078
5788 5979
4125 2188
253 59
1545 4930
4015 4780
4455 4697
5087 2565
1572 4548
3548 4143
2042 4498
341 238
739 5123
2440 4090
3425 4107
1455 1877
1675 5872
3524 3730
731 1991
2539 3212
2360 5716
348 325
3194 3498
273 1544
4199 670
1369 997
3214 2695
705 444
3694 2558
1302 4074
5 5563
5026 3022
756 3156
4401 3927
5500 4871
80 1751
4680 194
1685 2914
2671 5825
2980 3954
1391 3273
5712 5082
1371 2502
934 3072
1720 4105
328 5674
5217 5962
4713 976
5714 3136
1183 3510
868 2061
4278 2946
1073 3740
120 4590
2729 2253
313 5883
5081 2754
3628 3194
488 2240
4019 3443
1892 4675
508 1827
1271 464
4033 1963
701 4341
1249 4356
3735 1198
759 1509
3542 528
757 3305
3854 2710
2345 768
3136 5724
4453 5805
914 1470
4923 2057
5153 2560
1456 826
697 1132
3089 4718
872 5914
4844 3817
2700 4702
363 950
718 2302
965 2595
1632 5097
5641 3726
4075 3664
2651 1721
1283 984
5049 1906
641 1386
2610 1950
2404 3120
1055 763
5018 3642
1833 2769
3223 5166
4048 5908
248 3714
3416 377
2452 2271
1916 3830
3130 2828
2705 2101
3812 1167
4364 2741
1343 3020
501 4714
433 1915
5061 4424
5644 211
5140 1796
334 1105
4336 264
3819 1097
660 326
5828 4542
4779 3102
1177 5381
741 4903
5614 5580
2766 4847
776 2168
4994 844
2256 3006
3463 4023
242 2247
823 2127
5977 2613
897 606
1955 3503
4989 3403
3867 890
2839 4261
4552 5610
378 5813
1103 205
2996 4471
61 4381
2077 539
4522 779
5847 3701
1363 3685
2530 3748
325 668
3810 998
3126 5769
4833 88
1124 2351
5251 2318
5300 4843
5185 3728
225 1005
2543 5479
2381 1250
1511 395
3760 2028
4755 4412
1600 203
3682 5320
2317 63
1870 3629
258 5447
4764 4798
2369 3712
1654 5083
5194 5153
446 3989
5576 468
2400 142
1560 4042
642 4250
963 5770
3222 599
5338 201
1072 5626
107 254
5429 1815
2444 2519
2065 2663
4876 4769
3457 273
5115 3185
1557 1037
2312 4370
2552 2629
5416 262
468 1551
3745 4778
3551 5678
5230 3183
2000 2755
5231 3350
1893 2120
3978 2062
129 4618
2073 1289
2199 2708
5542 3111
5813 5555
1633 4506
74 126
4492 4577
5805 2990
3100 2157
1468 5702
720 2260
1129 1645
966 3092
5775 4349
3192 5129
2393 41
962 1385
3022 5937
3442 1341
3266 5675
4467 3681
2973 2947
2122 3314
1113 5347
1519 5868
3079 2324
4888 3798
5688 363
2922 931
5083 3867
3636 3441
193 4138
5272 3895
429 5281
4608 1258
5838 1909
1290 1170
2439 692
5899 1471
2425 3478
1131 3042
5293 3524
4752 5751
237 1738
5274 821
2349 1360
4808 3450
951 2888
1367 3021
1003 664
109 5114
2318 3961
4108 2747
430 2609
5011 2097
2387 1889
1908 1596
385 3843
5749 2649
3619 1516
3318 221
2397 246
3960 2372
4457 523
716 2770
2887 2868
3069 1622
2473 324
4131 4266
2674 1161
4083 2929
5169 5526
612 1253
2541 5688
1719 3548
568 3031
772 4617
27 2896
1414 632
4084 2245
4847 3177
4718 2728
90 1354
4088 1448
4829 4044
603 4516
3331 4653
2156 2000
3766 705
5829 1802
3795 3942
4647 4112
5832 2794
4554 5935
984 5501
4704 1436
1357 834
988 2105
3891 5618
2756 681
1428 2779
687 4111
598 3449
1206 5001
5797 1418
2236 4901
3015 2624
2678 1099
3726 5291
761 2378
3127 766
2835 4116
4716 4240
5647 1752
1562 5238
2911 3013
3963 2232
593 1452
3677 1688
3492 2486
1934 1729
2109 2381
4664 975
4511 4139
3490 5403
4857 2891
5784 1853
231 5368
5670 1306
1217 1722
3933 4338
822 404
2355 683
3446 5955
3327 5603
4118 684
1609 1237
1173 5576
4495 5066
3544 2975
2060 3957
5676 1287
2667 2893
2816 1782
3272 4785
4638 1672
3618 4115
4834 4428
4623 3892
953 2553
2058 432
4270 195
2341 3561
2500 1073
14 3911
2182 2768
662 4951
1618 5646
2131 4443
2581 3496
1022 676
459 4252
2598 2354
3587 4320
2937 87
4525 1307
165 4278
5646 3623
878 1020
5868 2178
4220 1169
1394 288
2045 423
250 4236
5536 2027
3310 1053
5853 843
2241 3767
4093 2537
4463 187
5907 4359
2128 2054
2448 3095
5361 5239
5456 645
4675 1668
4854 3157
4996 5625
5637 4665
4145 4017
5003 1443
2524 3707
4971 503
1161 4478
1038 740
4625 177
2769 3749
5891 5602
4096 4488
4165 4536
2421 2206
5767 5010
5762 2760
779 1160
1276 2032
3064 2151
4952 2036
3336 859
5795 1907
1604 4343
3017 1076
1100 1529
2273 5823
3485 425
2585 1052
5368 4481
4970 2440
1738 2011
1157 1528
4928 5535
3885 1707
4177 3104
5464 1735
3998 584
5046 570
5765 748
6 1613
442 290
4023 5921
3910 1001
5960 2732
2626 4621
5486 2705
4137 4709
4025 3153
4265 5221
2402 901
3765 2887
816 3480
3953 5749
1903 4869
2475 4009
802 4335
5420 3639
67 1829
300 2548
4751 5507
5236 110
171 3014
2827 1820
3258 541
2379 2419
5113 3812
2373 1716
4804 5713
350 1555
3012 5647
2207 3811
2396 4837
4540 914
5207 4239
4565 4659
865 286
937 5416
1944 2050
1694 533
266 1773
5686 2016
1672 3124
5492 5394
1907 2291
1463 2653
5069 3973
5640 4400
770 4155
1783 869
546 3429
573 926
5038 3531
4763 4652
1855 5335
435 5849
1462 426
5198 5973
411 4566
4465 75
3511 4790
3809 5040
4743 3135
5822 5201
4757 4977
214 5942
2627 3205
5187 0
2570 828
5776 2950
1714 3780
4441 1475
3332 5583
3352 673
1483 4160
3411 5183
5377 2018
5450 302
2154 5096
2088 2729
5883 5165
3044 4050
2509 3235
194 5539
5513 2377
1751 1546
2809 1563
973 5853
1358 2231
3649 2388
1044 5690
4981 4125
2633 3506
2187 3495
448 348
5719 2506
1540 5251
4806 4995
203 5283
1023 5940
1245 243
4958 2452
252 227
2813 3028
719 4444
3028 5216
1936 1675
1012 1960
4690 1116
2962 4745
2321 5513
5122 354
5721 78
1275 1884
1060 2340
4196 898
5299 2033
5128 2367
876 1148
1673 2804
4248 983
3267 3051
695 4283
584 3508
2778 293
5779 4159
4366 3195
2049 2084
1351 2706
3805 579
4777 1607
4597 5451
1874 4561
2307 1361
3696 3937
2797 2390
1527 4087
5036 5746
681 2223
2216 478
5710 5462
4403 3756
2040 2870
1994 117
167 1197
5774 1422
1138 543
1876 3758
1296 2482
4136 5106
1382 3475
921 5050
3656 5562
2601 417
852 5254
37 3463
2694 1505
1567 3574
4767 2256
811 5181
3209 4302
15 2464
3046 5869
3477 2396
1790 1178
4822 1819
3529 391
4255 640
5900 3464
1178 3688
4796 3005
2302 4085
2240 1572
5050 26
5012 5120
1397 1942
5254 4636
5963 2368
5873 2873
5257 783
99 885
1952 5438
4773 2567
4830 615
4097 5135
2225 3246
3495 5828
1172 4396
1778 3568
2151 4741
1582 115
5652 3311
4858 3762
5280 5850
359 3825
2162 23
1820 4213
50 4894
1354 4386
4477 3404
330 2697
1710 2673
5335 3669
2140 3338
51 3955
5039 4068
133 2022
1491 3554
2104 1699
2086 4671
4519 1591
2807 2405
2731 4931
4218 4346
5917 3710
658 1701
4546 1290
3226 1230
5923 1760
5657 3193
1984 495
3460 4436
4781 1703
3229 1988
2462 5483
4426 4735
710 653
261 5231
5111 1624
752 1702
3240 4796
4860 5698
1565 4432
1141 3897
2497 3656
1570 2510
5110 3154
1154 5984
3146 852
3289 1246
5064 1423
645 5298
173 4689
