999 4900
521 821 48
79 133 4
41 706 40
456 536 60
731 567 -66
724 707 -45
281 944 24
312 549 56
36 400 40
568 417 -54
910 351 -36
134 407 94
171 225 78
585 759 -28
552 928 33
653 488 49
58 730 90
544 906 -11
354 937 80
69 723 93
769 356 -57
548 298 -55
99 539 -68
360 172 78
556 223 -67
445 871 -24
108 595 44
179 470 87
276 98 -52
128 710 58
220 674 -65
937 800 29
718 736 -6
495 381 11
495 794 15
918 977 24
644 584 73
686 4 -77
529 420 26
494 542 39
477 156 -6
704 724 -73
339 396 82
658 9 71
883 83 77
586 305 12
746 575 22
490 619 51
792 794 27
398 465 45
332 622 7
483 660 33
207 592 81
864 837 87
23 15 -9
591 707 -79
291 363 -68
260 509 -26
964 228 71
382 134 54
744 42 19
144 337 6
106 405 90
439 892 -32
846 59 -39
739 503 2
941 199 -25
970 634 -63
670 744 -67
175 901 -29
258 315 -73
245 124 21
23 629 3
637 449 -88
912 373 -41
141 762 -9
658 360 -16
439 554 42
985 233 -33
326 866 10
578 558 -77
593 681 20
969 666 74
372 171 -31
325 360 98
295 636 3
942 117 -61
405 291 -29
365 498 -26
873 8 -19
669 738 43
378 308 18
217 454 -62
49 24 -19
398 18 -31
199 316 -87
883 709 -20
666 272 -77
391 842 85
604 614 72
388 23 -25
236 211 -69
190 600 -10
953 668 18
54 474 23
77 376 56
874 485 69
62 610 -20
692 996 0
262 271 83
851 184 -67
45 351 -16
182 283 -3
801 66 55
843 386 -57
839 439 -5
92 189 78
458 444 24
597 394 66
799 519 -60
280 345 64
131 277 -5
40 522 -57
806 991 -39
861 852 2
649 937 1
593 962 86
342 503 -41
667 879 95
312 329 -68
997 103 -37
681 864 -87
972 929 -8
737 80 -22
411 216 -45
148 530 -66
849 32 70
316 448 5
942 85 -83
757 36 12
823 401 11
159 416 -57
1 513 69
477 406 -80
741 925 -79
900 370 15
157 433 -34
510 576 49
101 99 21
582 254 -23
460 824 62
738 631 -10
632 917 41
786 54 -51
623 476 0
831 312 -59
980 33 -18
681 956 51
652 827 89
302 329 32
303 245 28
239 420 -65
159 614 14
186 976 51
760 201 -67
236 693 48
725 842 -35
902 120 45
854 628 -42
490 835 73
10 596 24
414 235 15
160 85 -73
27 875 -48
305 972 -48
972 304 -34
841 910 -38
926 514 49
411 385 93
460 823 -73
865 966 -19
916 555 87
96 140 73
277 601 -30
239 253 -15
542 92 -53
691 391 61
308 625 -64
69 638 -17
403 541 57
245 485 -43
823 789 -39
487 934 -80
651 259 31
372 531 -78
604 339 -68
909 611 88
962 956 -7
27 657 70
598 565 -46
862 200 39
502 890 58
768 365 48
43 750 27
524 193 -36
234 84 -9
954 693 -35
817 475 -10
360 539 -50
173 532 20
592 19 47
740 17 22
185 898 58
28 728 -80
729 148 -52
580 847 63
193 925 2
483 331 3
23 194 -26
3 123 90
803 451 -49
324 361 87
758 675 -66
393 272 -45
747 608 31
386 496 -68
11 448 9
972 284 -81
990 319 95
72 208 -39
168 161 -15
156 83 71
148 854 -26
741 940 44
887 951 -8
929 986 87
509 410 -25
872 405 73
213 194 62
130 310 7
802 189 26
207 58 58
471 836 -7
802 74 -59
562 208 -67
476 511 73
338 799 -22
997 430 35
289 206 -30
139 124 -66
545 896 -21
819 265 23
82 992 6
604 460 40
517 161 62
409 364 -30
537 413 54
539 380 -75
916 873 -9
245 172 -3
598 956 6
308 410 21
379 688 87
250 136 6
653 624 49
835 877 54
367 883 54
791 668 78
966 91 -22
758 660 15
56 439 -25
41 215 -51
581 887 69
261 58 91
434 232 -83
953 67 -83
28 811 -41
406 524 -8
369 253 -29
344 162 -39
256 946 -68
214 606 -29
351 405 96
222 467 63
143 412 3
435 145 -39
845 856 84
294 324 61
444 517 41
978 847 7
330 903 -67
655 578 -61
10 603 -13
784 824 51
667 591 14
623 642 87
542 481 -52
244 477 33
429 815 -53
33 801 -41
947 576 8
418 549 41
733 613 18
319 17 -47
563 936 8
54 172 -46
377 8 -28
923 401 -61
807 890 -35
680 646 86
682 334 -52
902 293 -29
802 983 -76
78 255 33
529 334 73
587 436 53
218 663 -15
802 518 -36
921 702 -22
651 128 74
954 788 81
925 166 -76
906 474 88
509 861 -40
638 814 36
6 929 -40
391 48 94
258 96 -14
311 681 -84
165 82 51
369 29 57
990 172 26
325 876 79
497 148 73
208 349 -72
877 468 -11
427 388 89
416 278 25
120 790 -65
600 552 -44
607 794 -42
699 636 39
789 505 7
699 262 -32
587 479 93
562 17 -17
745 593 4
442 31 -78
405 646 76
664 426 9
839 43 -44
929 115 10
480 597 89
413 869 -67
735 41 76
795 757 24
713 186 75
295 526 -22
580 318 68
718 52 -42
641 345 -21
856 811 -69
24 276 61
633 155 -45
237 425 -22
313 424 -3
127 315 -22
3 464 55
583 9 -50
101 130 47
269 764 15
405 673 18
827 688 -50
525 988 18
365 911 -11
643 804 4
10 794 -68
519 940 69
572 562 0
466 405 64
99 339 78
274 97 3
547 700 84
701 313 59
245 842 25
287 79 -25
741 193 -73
316 733 -78
874 850 60
60 638 -5
489 214 -22
420 948 -41
15 620 -24
27 887 -43
29 591 63
443 870 -53
43 756 56
980 344 -42
807 685 63
223 489 65
458 208 0
147 39 2
580 517 56
43 493 22
564 266 -15
892 782 66
55 351 9
566 457 12
780 921 13
833 542 47
666 460 11
714 407 70
392 521 90
78 962 68
895 233 31
855 774 68
388 432 -67
835 954 35
4 62 6
626 105 46
161 89 54
648 768 37
257 237 15
862 160 -68
541 667 35
303 344 23
193 220 -62
234 687 55
144 443 -43
592 22 -86
427 908 47
416 464 -24
255 60 -74
555 290 -1
410 775 53
332 349 52
61 769 -31
370 879 -72
660 122 44
302 309 -12
466 245 75
728 647 19
894 400 29
992 515 80
956 943 40
216 660 4
775 795 -11
544 980 46
606 862 -19
218 585 -66
547 273 33
445 97 -16
392 787 -71
170 864 20
79 151 -37
20 717 -40
942 764 -79
252 772 28
45 20 -7
927 581 2
14 530 35
59 42 89
996 342 26
800 439 28
400 370 -40
506 173 27
584 472 -61
144 586 79
84 858 80
401 138 -69
649 350 31
24 751 -15
295 687 51
917 517 4
741 403 4
931 56 94
275 365 25
753 207 85
257 871 -23
965 86 -57
963 439 -9
794 592 10
304 55 -13
209 343 -11
596 707 -83
654 371 -73
714 379 31
28 317 -68
99 243 58
885 955 48
992 770 13
225 350 72
406 532 -6
851 906 84
540 809 37
649 435 35
376 51 -80
397 160 -45
886 127 16
467 439 -31
807 816 -8
508 937 46
148 47 63
810 573 90
169 612 7
423 312 53
165 528 -83
816 351 24
412 208 37
947 74 14
951 401 -84
731 162 75
618 990 86
589 853 0
728 692 11
968 849 2
739 775 86
944 655 67
651 508 77
264 851 -11
245 115 -59
815 33 -28
242 25 46
685 683 43
111 534 45
759 261 -38
984 787 12
368 690 -76
592 10 69
328 581 -25
307 200 -12
684 176 -88
105 387 -17
537 452 -76
706 6 -18
39 532 29
457 979 26
921 224 -45
69 764 -39
537 461 -32
304 874 -24
18 924 65
929 850 11
885 257 41
524 120 83
405 978 40
214 542 -9
615 548 63
990 148 -64
498 443 28
979 10 -30
892 441 72
6 662 66
870 836 -73
118 238 50
426 54 -61
178 4 -38
19 60 30
144 450 -56
79 103 -34
796 590 67
224 525 8
719 881 -83
29 913 38
369 678 91
134 285 -24
668 734 -3
265 574 49
491 458 28
455 481 -54
602 734 -55
768 383 -54
245 929 -53
593 625 3
171 835 13
711 739 -23
691 889 57
991 890 -27
273 99 -7
18 704 -17
621 778 -27
420 517 -8
398 229 -35
927 662 -20
93 295 1
642 333 46
198 78 69
453 33 -27
499 723 -14
887 165 -21
406 794 17
457 820 2
617 32 -42
601 946 48
460 860 3
346 511 -42
143 377 53
842 424 22
897 772 -8
225 180 54
694 879 -77
81 764 -61
991 337 28
586 746 -83
651 531 -46
901 349 76
222 879 -70
163 786 48
174 26 92
89 555 -52
569 613 -41
201 635 -50
108 501 -34
664 253 -10
827 310 5
192 83 47
553 97 -28
832 187 43
511 94 -41
279 991 51
683 273 -40
797 29 -40
250 247 62
310 124 54
972 948 44
446 749 -24
909 353 -41
155 500 22
286 659 -61
205 353 -67
881 809 -1
196 613 -73
618 142 15
259 16 20
607 787 -6
430 767 6
261 653 -55
85 512 -4
545 362 -41
971 58 -21
689 903 -69
236 477 28
657 372 23
561 44 93
816 631 -75
226 880 -33
731 928 -57
332 853 81
506 927 -6
71 563 89
720 3 -63
419 914 -77
436 512 -11
990 847 64
255 710 55
178 348 46
96 268 1
200 301 -67
103 499 -13
474 513 53
208 672 23
761 571 49
834 388 -85
249 742 -63
365 908 -56
381 474 -79
231 32 84
747 850 -66
322 656 6
973 220 2
922 48 -15
314 154 -7
605 102 32
256 219 -31
233 552 -53
678 891 1
134 890 80
667 739 90
827 6 23
797 887 -76
588 161 -33
168 764 88
36 993 28
486 206 -38
445 730 61
277 802 35
520 348 -25
373 928 -45
522 895 -71
699 419 72
634 194 75
598 160 -60
496 616 50
926 242 90
97 759 -48
948 208 -33
74 152 92
350 647 -18
645 255 -18
316 970 11
991 691 -6
614 44 -63
172 283 -16
380 71 31
348 182 41
198 480 -56
50 298 -82
808 230 -9
386 993 66
727 963 43
501 958 36
220 185 57
646 166 -81
574 689 -44
436 743 -48
952 794 -52
477 909 -37
681 954 1
532 206 -64
833 133 64
583 302 -12
222 516 16
182 401 65
946 378 -35
432 768 51
290 220 -72
693 35 -54
477 58 -74
161 810 -3
243 22 81
372 258 27
301 905 7
158 339 -56
27 869 45
872 288 -33
289 741 60
402 867 53
496 402 -44
296 868 27
935 320 -30
705 88 83
494 180 27
672 324 -67
636 186 17
7 390 55
762 416 -3
973 243 -3
706 470 57
256 125 -75
683 158 84
39 470 -42
584 424 5
69 378 83
644 309 76
724 975 48
996 843 89
609 907 86
793 295 -50
913 132 -73
456 567 52
251 625 51
930 26 64
272 779 49
356 900 51
566 891 -26
271 622 11
498 853 65
955 81 80
835 308 91
61 633 -59
576 962 47
523 145 -79
554 845 -73
341 429 -53
381 469 21
685 748 79
710 370 44
430 921 5
90 922 41
751 643 -16
787 798 -54
857 685 81
760 122 6
523 43 -55
711 103 14
53 557 -35
564 89 18
536 95 94
172 472 -22
300 471 -55
208 916 41
242 54 74
86 571 77
244 971 -26
178 590 57
496 117 -77
318 972 -84
346 249 -36
463 55 31
654 215 -40
393 588 52
106 893 22
786 319 -26
145 222 53
992 266 -42
731 677 67
582 543 12
257 195 -85
264 680 74
494 111 47
695 302 -63
750 355 -62
578 956 91
309 842 -22
978 608 9
32 806 82
251 790 -64
832 760 -76
846 276 35
3 54 40
367 192 84
924 74 -50
81 449 3
728 83 -52
178 671 -22
798 541 85
319 381 87
35 635 -61
691 228 -1
751 417 14
532 678 90
610 768 11
475 327 -30
632 264 -78
783 43 8
437 314 28
104 311 29
661 870 88
957 795 -65
414 641 -47
298 663 -61
299 700 4
576 833 42
481 611 -46
563 106 20
911 631 -41
707 840 40
54 235 -72
149 719 71
10 487 10
774 344 -64
409 289 13
220 903 -7
767 287 1
865 342 -5
807 352 -27
425 550 -7
144 20 -6
189 736 55
409 662 -27
961 723 81
447 911 -31
706 590 -49
386 852 -35
671 652 8
460 173 -11
825 345 -3
250 102 -4
2 867 -52
961 592 -84
10 34 86
41 55 -69
805 690 49
748 505 -20
816 443 -8
131 546 -47
334 532 40
796 183 52
666 660 76
151 222 47
202 930 -21
37 799 -55
64 352 -74
434 764 89
87 469 -9
11 631 39
170 297 2
615 832 83
518 601 -18
996 301 -31
67 522 -29
123 97 55
476 150 89
510 698 75
244 487 42
26 803 -83
537 862 91
975 616 91
580 361 20
68 107 11
784 798 -13
162 339 69
190 629 -15
637 50 -11
102 846 27
367 602 -82
603 96 80
460 550 10
319 6 -75
329 971 77
384 58 50
100 345 -31
412 472 42
283 209 55
459 505 14
135 895 83
851 808 -44
956 525 68
221 810 -40
759 799 86
760 878 -32
811 993 58
798 320 19
317 121 -24
438 128 -53
653 291 -28
78 355 56
230 991 71
31 649 30
237 114 -73
662 749 69
641 422 -15
90 344 -5
804 296 8
684 24 -44
196 186 55
847 1 6
502 280 23
376 737 -28
84 941 91
313 283 -56
217 995 16
258 633 76
399 692 -76
381 87 40
117 840 -3
341 478 -35
526 737 -58
242 816 -85
181 548 -35
349 162 75
402 952 -26
570 713 16
981 484 17
390 98 -12
617 419 -38
798 286 76
444 17 23
596 760 -6
813 718 26
583 680 -82
484 999 48
486 799 79
678 659 -75
373 388 -7
720 245 -64
305 653 -16
561 123 88
561 748 34
525 467 56
711 372 -75
942 503 50
52 455 -23
572 916 -38
300 881 -62
536 545 87
269 289 -76
138 949 -27
919 862 69
505 313 34
523 311 -64
67 148 -5
518 91 -17
403 588 -22
977 270 5
68 450 -5
945 857 59
695 786 -25
730 625 38
964 371 68
779 978 -41
674 680 62
52 428 -32
542 255 -67
797 192 20
170 353 -28
496 315 -60
25 810 69
656 260 17
489 455 -35
503 833 19
602 265 -1
529 405 -22
191 309 -61
143 148 -27
497 190 8
203 865 45
93 234 0
934 762 -45
748 162 -76
500 892 32
295 970 -44
123 29 90
207 474 -6
257 63 -48
690 279 73
432 982 52
589 325 -78
979 655 43
90 282 51
171 723 87
560 165 -36
640 417 -79
748 584 9
556 465 -48
963 435 -34
869 627 72
144 234 -81
312 555 -69
735 212 -24
53 493 -36
753 893 -61
644 45 -51
727 79 19
442 52 -4
773 700 5
831 869 14
624 185 20
412 238 -79
598 36 85
222 307 -6
344 470 64
200 395 -14
843 637 -79
923 663 53
565 103 87
471 964 71
60 667 6
233 670 23
903 41 -11
606 983 -58
724 117 6
453 884 -11
317 828 60
797 445 -57
281 487 27
47 3 38
649 817 -70
392 76 -42
73 291 60
745 995 91
743 216 60
15 926 75
497 134 -61
643 136 38
533 213 42
159 461 55
139 89 56
235 453 86
44 529 -70
357 974 -20
715 903 53
26 485 30
955 784 -30
902 555 -67
435 214 9
233 101 91
707 578 87
264 178 -9
817 327 -49
325 332 9
359 151 30
434 734 -75
677 933 62
827 612 18
515 117 -39
263 421 -66
345 363 1
402 566 -6
318 290 43
370 508 -80
989 787 30
631 371 74
359 121 -4
482 661 -8
563 580 86
479 899 59
232 683 -7
558 434 -54
12 805 -13
650 550 76
872 352 -43
405 313 51
151 260 58
284 366 31
937 757 45
920 603 74
33 579 -19
638 402 24
64 789 48
900 995 -29
165 282 -57
885 207 -50
275 360 64
820 367 -79
375 458 -72
612 925 88
982 11 -38
925 679 -40
411 551 27
385 214 69
216 331 -18
566 551 27
682 487 89
742 394 83
136 383 38
516 694 4
170 191 -59
215 547 7
90 8 -46
379 690 -41
692 813 96
963 862 -85
543 171 -34
618 622 -47
271 874 50
28 845 -54
496 937 71
726 227 80
572 980 10
158 810 11
55 618 -10
546 995 55
405 916 7
801 8 -9
809 610 86
520 188 -72
687 715 50
601 181 27
545 444 94
359 395 34
919 411 -17
678 82 -35
923 331 52
563 321 -62
338 578 41
67 717 -52
468 356 66
189 728 -47
215 636 -71
615 170 -54
584 585 85
546 877 -3
759 173 21
312 331 8
595 751 -74
568 958 -23
549 882 3
536 13 -17
608 393 49
663 418 8
548 783 71
697 43 45
28 937 -58
561 855 10
878 565 89
9 472 -43
846 714 49
68 143 69
297 759 -78
877 372 -14
295 600 -7
919 146 -16
854 901 -61
846 622 90
142 174 -52
595 335 79
461 587 -54
595 904 21
11 570 -4
452 604 -61
319 980 -11
942 681 11
418 274 -27
628 73 73
55 716 1
909 682 -32
676 859 -1
332 636 2
423 885 25
995 301 -38
586 653 -15
459 183 -55
780 994 -17
23 567 -10
283 987 27
812 482 -36
985 589 54
201 476 41
857 526 -62
318 562 2
434 369 37
510 240 -75
93 808 11
647 546 -51
226 392 68
944 122 5
785 702 -35
476 266 -83
696 888 -76
759 666 29
920 147 -30
495 749 -18
140 441 91
323 513 -19
499 905 -33
633 503 -49
238 345 45
837 678 -56
835 203 84
26 753 73
988 53 32
5 482 -20
94 527 56
112 867 1
760 947 64
232 747 4
997 813 29
75 325 -71
891 942 71
324 652 -27
185 574 67
782 311 -67
41 823 80
207 89 68
766 724 90
149 595 35
893 40 39
6 580 -1
753 679 30
404 374 93
938 350 -64
84 526 -6
90 172 -7
391 791 7
13 230 34
13 250 -54
555 759 17
990 3 36
271 563 59
22 860 62
945 536 -7
899 597 -42
249 76 -59
558 786 -50
880 445 15
606 28 69
261 182 -61
810 587 65
506 673 -78
590 507 79
300 373 62
589 930 -49
491 64 6
357 825 8
557 91 -75
174 86 -36
930 968 -69
438 499 -12
494 606 19
337 912 -1
977 344 8
349 178 18
857 631 -68
826 811 -75
806 801 33
798 887 22
474 875 72
494 317 7
921 317 -88
508 996 27
764 952 22
364 141 70
841 948 6
261 520 -78
819 602 32
867 979 -26
675 880 39
782 856 19
539 450 6
108 134 30
608 507 2
420 207 40
903 753 19
508 788 43
171 454 34
391 485 25
236 909 -9
763 378 -67
823 266 76
748 169 -62
874 918 92
559 86 72
966 988 62
619 947 79
185 460 83
926 65 -64
124 429 86
670 567 -48
810 855 -72
239 748 -73
443 731 10
815 58 91
766 592 52
409 270 -86
507 433 -67
972 528 82
247 248 70
915 1 16
784 720 -60
744 844 -40
32 230 -14
794 541 52
764 959 27
330 646 18
240 446 -10
791 517 89
405 20 -71
758 127 70
536 699 -24
315 286 -17
560 537 88
918 129 -20
935 971 -15
740 64 -28
18 913 -79
384 984 87
432 502 27
473 409 -30
822 471 30
833 962 10
634 771 21
310 949 -24
541 94 28
287 435 -33
245 302 60
314 24 -62
618 610 -59
938 509 -66
864 367 -26
280 4 24
911 230 -17
159 293 -19
684 252 -72
440 323 4
320 614 22
379 825 73
911 547 68
896 8 80
515 582 25
562 1 9
290 934 69
406 54 -81
885 560 37
962 503 -16
73 791 48
627 499 45
49 23 74
179 330 84
345 536 -60
248 115 88
246 669 50
248 492 44
653 220 18
702 224 -11
80 881 22
243 344 6
65 230 21
66 774 46
166 644 -9
381 925 -81
237 63 -59
575 129 29
157 272 35
840 495 -54
238 669 -52
485 747 57
716 283 81
906 305 23
544 179 -28
430 763 -38
927 923 48
400 267 -6
931 267 84
854 768 -47
180 543 -79
440 666 -10
777 636 -81
86 295 41
788 867 -53
362 352 17
294 264 63
905 386 57
190 684 -59
618 106 24
553 341 -2
122 297 -55
156 820 30
437 610 44
310 55 -56
499 428 33
511 50 59
278 480 40
693 961 17
325 793 60
17 48 26
319 274 77
466 912 -11
105 946 -77
775 439 18
398 694 72
702 739 -79
735 182 90
893 514 10
488 470 38
391 889 8
300 374 -5
629 610 0
183 245 71
620 643 -74
231 362 88
164 631 55
101 304 -1
43 308 -35
196 621 -37
300 294 49
16 942 2
295 45 88
165 562 -81
541 327 30
295 930 33
668 22 56
720 673 -58
133 125 -55
448 690 -1
811 105 59
575 765 -11
881 570 25
379 796 70
59 643 -10
192 598 95
149 451 22
556 813 5
391 517 97
441 342 -75
655 121 27
636 247 -35
148 55 -1
954 919 1
231 51 -71
118 437 -23
326 271 75
564 470 -67
334 486 20
935 675 -56
703 425 75
382 570 43
876 990 71
832 727 75
720 193 5
656 692 -48
930 380 -87
982 23 4
635 664 -5
68 589 51
351 841 89
189 203 -64
397 869 -83
88 247 18
205 421 34
301 203 32
208 726 28
64 66 69
980 743 87
308 454 -53
704 623 -61
161 790 50
350 387 31
154 999 -17
502 631 13
410 496 -59
80 204 -9
543 852 50
303 726 10
824 682 -41
935 19 21
935 353 -37
409 786 17
792 117 81
413 428 65
284 622 -18
651 947 67
721 922 41
510 281 -31
869 515 25
146 830 -11
430 957 22
304 671 -49
155 516 84
962 18 -39
380 974 91
293 885 10
759 863 -65
102 809 13
595 362 70
35 787 14
231 708 8
832 131 44
891 794 -47
369 120 75
789 444 -9
335 99 76
457 372 38
107 100 47
885 76 87
911 143 85
452 913 56
366 589 22
130 215 -47
195 608 -34
584 168 73
982 569 -61
309 310 -71
109 989 21
845 649 -1
278 478 22
645 200 54
117 257 -23
964 142 91
689 403 93
979 496 32
767 993 2
324 65 -81
476 63 -84
692 397 -26
471 634 -20
792 292 41
371 801 94
924 145 -5
835 218 -41
712 873 42
5 49 4
658 834 2
931 181 -22
98 231 54
19 78 77
166 299 25
131 441 96
463 890 -6
747 590 -61
195 720 -6
618 652 -6
535 894 20
494 694 69
45 182 66
853 303 74
294 143 90
202 590 64
376 373 81
191 139 -10
711 516 65
433 405 36
344 969 63
349 148 28
892 111 17
731 99 61
784 286 61
132 810 -54
410 57 86
648 382 -59
262 778 -34
425 591 94
220 650 75
902 211 -48
423 424 -67
703 774 -10
754 680 8
87 82 -13
462 507 -28
448 812 -2
547 671 -46
195 916 -77
171 503 84
639 460 -73
141 30 68
939 5 45
538 274 75
333 96 -43
254 394 63
575 3 82
731 100 43
213 648 68
271 68 36
728 905 -23
640 737 -54
492 4 -49
42 107 82
733 771 38
279 684 -61
231 628 51
397 435 70
82 792 -35
794 369 -23
423 604 -15
596 327 -10
934 423 -22
802 711 -18
897 868 -16
476 541 8
471 804 -50
522 807 18
466 352 -56
356 800 49
664 824 96
400 534 -14
870 901 -3
948 528 37
121 18 -19
338 460 -67
425 85 38
773 538 68
125 852 -7
834 351 -33
495 403 19
551 347 8
377 726 3
229 112 3
14 846 -47
166 873 8
516 848 52
550 678 81
755 828 -32
334 992 82
323 920 5
602 779 14
644 124 49
634 866 45
348 715 2
249 811 91
433 679 66
820 625 21
106 324 7
780 43 -63
710 783 18
514 941 -14
842 66 3
747 472 -40
794 909 34
975 627 58
771 382 -8
25 602 61
129 754 41
516 385 -70
974 118 -52
452 538 -86
114 528 -62
886 667 1
714 857 85
505 572 34
497 427 -75
202 688 9
823 364 8
197 67 -40
261 550 94
142 190 -46
398 322 67
924 468 -76
90 580 -26
328 265 -43
269 320 -27
37 975 4
697 817 -42
331 479 69
620 737 -29
425 531 43
669 768 40
597 347 30
167 324 -13
534 435 -30
126 615 -60
579 245 12
423 517 -81
832 146 -67
3 8 -42
77 733 -30
668 672 -40
353 281 76
136 714 66
29 478 -40
227 749 48
825 522 9
426 436 83
761 447 66
678 955 -22
173 794 43
857 247 -86
794 477 73
334 506 16
100 332 -82
469 198 45
316 482 -43
599 714 -56
679 529 5
212 628 -40
760 934 -81
884 789 -35
586 572 45
480 512 38
629 390 -72
716 366 7
162 855 54
902 334 -68
300 793 80
713 661 -36
421 697 88
567 247 -10
159 141 -33
842 884 27
150 966 60
464 270 -50
63 195 -25
243 182 -2
763 387 14
760 70 21
377 815 58
668 348 -77
882 944 29
823 740 -50
156 70 41
968 271 48
160 657 9
590 668 71
318 486 58
970 914 -7
277 633 32
655 728 38
837 867 26
524 695 13
655 577 -44
339 841 -26
494 465 38
590 491 9
74 104 38
46 922 -11
302 585 67
465 647 -21
857 761 -50
510 869 -10
671 332 -26
791 941 -34
657 170 -73
667 403 -80
531 749 -62
393 429 26
797 259 40
369 923 1
156 495 -70
142 793 -10
976 545 9
10 730 5
128 494 39
740 734 24
373 930 4
163 608 -9
665 772 -9
205 675 -82
539 893 69
937 308 -21
746 926 -20
781 537 17
468 543 9
845 203 -38
17 384 81
282 44 42
408 737 -60
628 717 37
136 570 30
849 690 -5
68 622 -23
721 161 73
834 716 -41
968 362 63
640 321 23
567 636 32
154 279 71
668 361 -22
402 909 -56
182 453 72
453 579 -57
911 183 83
936 972 69
110 154 72
434 464 -40
650 266 53
397 91 7
433 119 86
387 31 -64
634 415 12
70 596 -6
423 666 12
520 148 -52
462 604 27
94 971 -58
628 12 -74
739 704 -38
902 158 -81
694 862 -70
782 785 17
301 2 47
765 291 53
641 349 -18
739 960 -6
685 653 33
590 305 58
304 965 -47
623 837 60
30 585 -50
94 681 53
448 771 -43
94 883 -16
279 803 1
880 159 -1
960 181 34
961 226 -42
531 989 -30
880 312 13
838 256 71
599 630 -40
895 684 -28
620 629 47
784 651 96
70 623 -36
306 110 4
150 601 26
207 884 -35
226 695 -68
942 781 -40
193 602 0
596 814 10
219 993 46
678 880 -50
923 29 59
574 293 24
341 367 -5
438 34 -48
726 949 -40
953 929 -66
246 628 76
860 689 -56
847 488 2
945 722 92
141 369 20
253 532 38
722 889 37
372 342 90
992 338 41
759 157 -84
17 235 -44
857 433 78
672 842 47
205 582 65
199 448 -85
937 728 -13
990 514 -42
658 208 18
93 610 -6
129 873 40
217 681 -53
146 341 -64
165 30 64
129 3 54
186 571 39
180 61 70
9 602 56
1 664 59
953 470 56
444 377 6
801 172 36
759 798 40
888 569 55
961 983 48
617 791 45
37 576 59
3 700 -2
304 182 67
908 77 -73
600 174 14
991 242 78
450 851 40
632 46 68
155 455 61
193 434 28
930 433 89
70 198 -36
975 512 -65
27 83 90
835 582 27
575 143 12
77 42 70
698 757 85
451 380 -3
749 917 -82
591 96 43
227 766 45
606 942 -79
132 666 -7
321 380 -46
585 934 23
491 304 -25
318 416 54
117 919 65
127 663 -68
496 69 -48
612 73 -78
239 201 48
271 248 30
881 648 61
600 75 88
599 432 -70
979 597 -25
744 895 33
627 704 -25
806 75 -26
76 240 -45
753 459 4
436 63 -67
27 510 60
86 530 40
321 12 -80
921 28 -16
648 914 -18
851 174 -51
876 444 83
840 860 -58
653 918 -2
747 72 -4
293 312 43
266 462 -44
849 295 43
732 966 -27
619 942 55
73 248 -30
975 468 32
350 92 -56
196 262 -29
202 672 89
781 226 -30
12 177 16
693 18 70
458 47 8
472 819 82
63 951 23
170 63 -54
668 726 -25
783 219 21
915 706 -20
630 928 2
192 852 90
253 403 59
650 977 -65
986 528 15
443 238 -21
674 561 74
715 339 80
209 41 -54
106 349 -17
109 558 26
626 21 -47
32 196 -55
601 385 25
378 821 68
673 646 56
46 161 22
821 125 -40
26 343 87
767 516 -24
145 611 -72
468 764 -87
480 29 38
575 55 -18
26 190 -76
984 537 80
847 747 -19
199 717 -2
25 922 30
627 837 -20
576 649 66
233 376 -43
295 640 -24
542 800 12
288 731 5
500 723 -11
531 122 51
952 512 -21
936 876 13
531 883 24
246 939 -35
249 378 38
1 572 -3
197 64 -6
629 12 -72
285 314 45
458 245 35
183 291 25
647 125 -11
518 745 -69
658 949 0
9 561 -12
295 14 -22
965 62 -15
463 368 -10
160 481 56
997 931 -49
123 663 83
485 834 -7
276 294 72
157 726 -10
372 254 -30
864 341 -13
931 214 42
734 505 1
848 224 -56
570 186 80
830 440 -78
145 811 32
301 942 -26
290 969 -15
186 696 -46
492 874 -16
359 711 31
875 261 -82
811 428 2
813 755 14
274 453 -84
584 197 -67
743 1 -78
913 30 -25
92 96 -27
521 395 12
890 238 -8
187 723 -29
821 718 66
32 288 35
185 235 -78
155 750 73
246 914 26
326 904 54
579 680 -5
720 544 -68
429 163 -51
813 395 -74
796 291 81
738 857 59
188 735 23
746 99 38
320 758 52
740 344 16
67 617 -10
902 515 84
450 816 31
694 723 -80
117 259 53
858 600 -61
108 84 69
242 700 32
306 540 -13
598 203 6
65 284 53
693 781 2
946 359 -18
375 507 -16
947 83 -10
60 984 -46
418 297 7
481 837 -36
462 293 64
457 159 -87
916 529 26
325 340 51
1 624 -12
975 203 86
352 230 -39
907 68 92
857 271 -38
657 92 57
174 373 35
893 472 52
941 291 56
911 178 47
206 319 13
611 869 -35
67 75 -10
129 491 3
573 588 -34
635 794 45
936 275 -27
677 857 -57
384 29 90
974 451 -67
579 318 54
437 714 28
938 152 -55
152 967 -67
449 355 82
113 784 86
6 261 65
236 69 49
396 986 -63
870 324 97
95 876 -3
591 657 18
200 105 62
288 363 1
509 125 -31
7 213 47
924 277 -13
127 730 -20
144 791 19
443 976 24
394 350 86
987 375 57
300 688 95
119 513 75
128 81 -37
172 612 -20
997 994 11
551 70 -6
359 633 48
212 332 -26
413 354 -17
139 305 -82
546 814 -40
824 704 92
760 251 -24
231 684 12
973 334 86
5 836 -17
397 967 7
559 14 77
517 33 -1
853 75 6
70 553 -72
282 488 -21
933 590 -42
960 126 -1
182 1 64
595 294 63
413 263 15
753 1 48
341 281 42
478 538 -50
991 910 57
453 209 -15
444 420 56
120 381 -44
386 413 -53
334 113 -21
844 86 63
147 418 70
156 919 62
405 853 -72
86 630 13
470 786 44
456 844 -24
705 135 37
922 579 -45
209 604 64
137 363 -68
969 303 -70
421 745 21
124 182 -32
260 676 -18
583 884 -31
317 145 5
313 261 12
988 727 -20
708 630 35
97 369 -16
681 615 -36
333 308 -6
364 453 13
416 592 73
787 411 64
365 765 33
804 999 72
124 673 -9
721 953 3
794 227 -72
154 42 17
864 558 -23
548 882 -72
315 549 -12
269 603 31
289 297 77
25 906 -32
7 772 40
675 292 44
241 727 -36
790 211 -17
932 900 -57
136 665 4
710 496 -65
948 912 -84
492 459 91
291 137 9
996 606 26
326 708 16
781 381 -80
523 389 10
327 837 44
885 689 -63
350 633 1
238 674 86
839 516 -4
982 447 76
945 746 89
450 687 28
45 793 -28
656 222 3
479 553 -51
279 388 3
452 244 34
525 694 14
894 756 16
898 532 25
832 479 -85
134 388 69
531 89 -43
946 18 -47
311 865 11
160 788 90
346 91 -5
638 97 -70
907 822 -53
494 229 -37
522 325 -53
373 803 -21
719 23 -7
105 267 4
842 72 -6
872 841 73
645 475 -53
264 130 50
524 309 -68
650 364 -13
8 310 10
113 585 66
113 464 0
929 973 65
541 657 63
223 317 -7
872 129 27
155 548 -30
80 326 44
828 795 -24
314 177 -41
211 550 24
927 915 -35
735 985 -25
221 453 -62
90 662 45
835 210 -31
421 952 -28
463 233 -30
168 290 -21
375 318 -1
616 710 28
463 912 40
729 514 -33
341 952 44
854 304 43
323 885 -7
162 863 73
193 330 -5
679 273 -64
794 824 42
126 457 -59
652 352 6
560 506 -62
661 846 31
886 549 -24
836 154 51
695 406 15
81 411 -15
394 308 31
503 704 -34
582 861 71
622 958 -82
960 525 93
909 490 -9
508 962 35
734 172 -9
352 196 -71
267 718 23
276 86 25
99 673 76
877 891 -76
588 470 -57
697 258 -21
953 391 -63
628 876 87
450 349 22
603 63 -83
759 909 93
896 874 11
703 165 40
16 582 -1
850 579 55
668 474 54
602 313 -23
607 436 -1
161 434 17
990 364 68
815 721 -31
671 352 11
787 58 -42
35 117 31
82 623 45
500 833 -8
564 638 89
350 223 -20
415 86 69
440 297 36
923 114 -15
182 206 77
978 517 -1
582 983 29
825 520 76
160 739 66
87 745 82
13 374 14
578 436 -49
854 280 -42
195 46 -12
473 170 64
8 130 5
351 851 -1
44 278 19
3 163 53
438 372 -85
874 796 2
231 752 -80
18 31 36
355 676 67
527 436 -80
484 164 41
989 146 92
121 311 51
47 658 -22
222 38 46
183 466 6
550 635 -24
158 253 17
220 538 78
629 373 45
5 634 -26
829 981 0
153 159 33
396 46 -31
248 26 76
143 373 -63
895 450 54
222 241 31
409 558 82
947 487 -61
31 395 26
440 240 28
997 256 20
387 649 -39
602 302 -10
219 727 0
624 654 -67
102 981 -19
335 42 -64
839 389 25
608 66 -15
864 594 -19
561 289 96
788 152 42
1 147 65
375 555 40
924 818 34
450 590 87
857 73 18
757 845 -26
231 314 29
626 430 46
77 609 -24
453 790 81
656 428 -24
203 181 9
261 725 17
79 355 -63
300 32 51
25 654 -46
867 642 7
913 495 -73
460 261 -76
57 534 -3
142 95 15
949 777 -22
175 326 -75
107 514 50
158 17 -61
814 210 -31
425 749 -30
591 226 -42
721 453 51
352 731 8
179 673 40
143 825 -40
930 463 12
502 652 70
687 972 72
719 687 59
70 237 -71
793 926 3
659 662 -71
382 59 -13
500 931 12
214 346 -62
473 426 -6
389 736 6
748 72 -22
968 371 89
793 498 -34
736 493 -45
95 67 16
97 406 -11
116 465 -65
497 285 -78
522 407 -13
215 687 -17
402 315 -15
537 553 -67
482 194 57
660 560 -28
113 440 92
664 986 -67
941 377 92
913 210 0
500 387 70
64 90 54
637 711 14
758 934 -41
10 132 -81
353 875 4
141 266 6
511 521 70
65 408 -3
670 738 -25
366 179 76
780 56 15
743 614 29
977 721 28
688 520 63
727 931 -24
21 370 57
814 984 -64
716 677 53
411 642 58
76 663 -37
879 817 -27
494 475 -73
26 67 -1
889 706 69
397 704 -37
735 360 34
535 967 -72
84 630 -8
183 303 47
283 884 69
510 37 -3
742 594 -43
9 206 38
195 675 38
206 612 -78
862 828 83
206 555 28
560 315 63
818 103 -25
167 808 -70
431 231 62
672 282 82
11 84 43
666 309 -74
951 87 51
621 982 75
13 569 -30
667 402 17
512 923 -47
966 145 7
158 871 62
79 769 2
987 863 26
623 578 29
137 124 68
182 492 -69
985 304 50
280 696 -24
966 867 -44
515 338 -38
384 163 -29
526 968 -19
906 918 2
170 603 35
465 554 74
93 708 -53
590 169 25
334 201 83
600 280 4
357 183 50
642 603 -86
852 947 -24
952 745 58
676 957 60
447 186 -41
175 20 74
149 570 9
947 944 -58
453 668 -30
542 848 79
762 232 -74
190 419 19
119 166 -56
126 781 -68
827 283 17
258 835 -50
574 474 -38
453 749 66
865 356 -22
153 524 -1
68 55 27
522 530 -44
979 940 -70
208 912 -43
675 445 51
318 743 92
848 856 2
171 92 83
371 807 27
532 120 76
5 484 -32
803 325 -5
844 600 95
802 862 -33
492 275 -39
988 856 51
841 302 70
837 216 -77
331 891 40
249 882 -65
83 995 74
476 211 -87
24 415 11
538 933 -62
261 918 -64
862 386 40
474 39 37
775 267 41
995 711 5
910 130 19
862 150 -37
779 695 50
165 790 22
641 893 23
584 63 80
565 146 -36
723 21 27
748 8 -73
743 573 45
849 866 -18
814 996 98
558 97 -13
765 526 -84
896 669 -83
915 574 75
170 446 -23
910 641 -35
116 845 -75
67 348 19
517 673 -11
83 742 -59
408 376 -22
251 693 29
151 214 40
908 295 28
592 749 -35
798 109 15
469 226 30
574 339 -87
934 512 36
342 728 -17
183 765 -26
201 168 -56
750 79 5
27 251 25
124 774 53
588 762 -25
711 508 -38
99 294 -78
67 491 35
541 594 -32
954 878 -67
126 802 69
453 740 -63
57 386 -65
455 467 69
510 867 45
95 700 97
827 361 40
807 985 -28
432 708 1
428 61 68
6 453 72
528 604 61
537 27 -47
452 878 39
521 997 63
114 884 -58
131 241 79
481 835 -63
812 373 89
562 538 43
717 825 35
806 586 63
584 668 -16
972 776 46
597 445 -64
258 678 -85
426 218 84
58 396 -35
464 173 65
582 249 13
599 186 -5
382 914 54
49 204 -40
87 423 -67
96 395 73
89 60 89
324 93 -69
678 210 -5
895 896 67
632 453 65
901 382 -73
17 364 34
312 532 -30
911 620 -64
847 9 -17
729 949 -18
242 851 -66
981 708 75
938 267 -15
220 884 47
742 576 78
976 407 -24
846 408 65
76 619 7
815 283 -70
906 721 32
611 576 34
926 348 54
838 732 25
911 716 50
526 55 87
587 558 21
198 156 2
195 369 54
858 768 -62
441 839 -16
475 16 13
625 503 62
713 643 -73
103 576 -63
381 770 28
275 765 53
897 665 3
433 933 46
910 337 -22
653 272 58
863 990 -38
894 518 -77
355 775 71
510 218 -52
240 703 -78
435 493 6
52 938 43
844 568 50
592 297 16
283 143 -29
11 965 90
399 151 -69
811 767 61
416 320 56
514 936 -34
275 648 -56
874 40 76
741 409 -59
229 623 -84
741 955 39
86 600 32
243 906 -5
678 792 -77
522 567 -76
281 764 -18
632 290 91
845 355 -37
538 585 53
395 862 -17
78 913 -57
685 936 -59
498 408 -36
538 119 -20
612 773 34
540 49 53
869 824 -38
682 709 36
279 276 -60
146 402 7
409 573 88
376 945 48
941 100 23
660 923 -68
836 552 42
304 522 -24
794 831 74
26 747 83
617 746 14
692 745 -74
963 385 -85
377 517 45
280 332 11
600 175 24
515 112 62
330 293 69
9 579 -24
123 707 59
655 392 -39
907 808 65
7 708 88
783 601 -47
801 220 34
964 451 -21
326 86 45
346 647 34
985 912 50
959 787 -22
288 65 -57
961 475 20
440 479 86
72 17 13
340 716 22
109 810 -49
495 922 -81
670 363 23
964 118 -1
853 793 -17
170 156 34
54 700 -37
397 859 72
908 108 -56
383 32 92
463 8 92
843 494 -74
415 812 48
673 689 55
997 785 42
1 673 -31
111 795 6
581 3 -71
791 357 -50
310 683 37
96 541 -72
289 209 -60
893 238 -68
423 272 -75
188 896 1
792 748 -88
73 825 -4
236 480 -44
346 223 40
11 51 -71
482 999 33
934 992 24
343 632 -16
170 469 -4
73 230 -53
766 864 73
440 302 -76
259 909 -68
519 798 15
675 553 55
601 203 23
63 720 -38
234 154 -42
290 741 73
279 106 66
777 62 -67
205 880 -48
345 215 35
454 878 -73
753 330 64
493 256 46
546 983 -1
79 28 29
460 650 -58
911 115 90
76 425 -58
964 280 15
228 335 -3
4 547 76
459 855 13
942 145 74
706 100 -76
695 532 9
485 528 79
597 30 -54
104 817 -52
626 995 -41
984 591 67
77 65 94
833 692 8
576 952 -85
278 898 4
20 644 61
684 622 58
397 370 83
878 63 -76
241 494 -77
710 395 6
883 615 28
374 911 53
724 452 -26
818 311 -16
81 203 72
519 265 -54
774 749 54
4 300 -30
997 649 -46
87 146 61
855 579 -8
298 254 4
539 11 -82
272 46 36
501 714 87
463 590 78
129 340 -65
627 961 -47
805 262 30
558 992 10
938 818 -46
262 175 92
610 374 -14
682 885 -8
893 303 54
658 691 -53
726 309 55
742 587 -75
714 982 31
453 310 -78
101 148 -5
864 513 -72
723 475 -56
672 48 53
983 205 -76
268 76 -57
34 255 -4
747 677 -60
558 989 3
735 677 52
606 757 45
764 487 52
330 990 -77
126 657 -42
371 264 39
650 588 65
119 423 69
365 491 75
721 472 -35
298 758 -39
912 172 85
399 103 -64
811 924 -9
468 905 39
599 15 -40
491 444 40
926 716 15
420 779 45
263 499 36
231 456 -12
157 754 -16
228 941 31
514 579 67
13 771 -56
58 553 46
608 792 87
556 656 -31
566 603 -27
531 513 -69
614 457 81
651 10 0
936 930 -17
585 210 87
512 63 -52
732 500 -33
111 263 -67
719 502 -25
569 964 50
999 629 63
30 418 -1
700 646 69
499 465 43
384 261 -38
786 478 35
263 187 47
779 243 -83
86 118 5
150 151 69
433 75 -49
264 419 -43
991 754 92
886 171 7
864 663 -10
334 25 -66
562 245 -32
670 803 -9
92 655 -9
481 537 -65
634 630 93
371 101 51
132 770 44
20 590 44
52 828 -1
192 781 -2
619 830 17
289 679 -68
543 428 89
340 806 66
516 732 -27
875 165 -13
359 133 78
116 219 -60
967 438 55
498 714 -41
892 50 -37
511 146 -24
459 726 1
419 335 17
606 503 -37
45 157 89
345 65 -58
359 219 63
506 679 -62
884 278 69
596 171 -3
146 452 -78
160 619 -30
116 509 -65
347 758 -67
983 711 65
693 944 3
463 964 -53
956 697 6
281 882 1
429 847 -66
485 220 44
325 316 -43
784 211 -23
254 879 82
727 943 -11
571 365 1
562 786 62
838 152 40
588 538 -45
763 832 -69
814 603 -40
947 398 45
789 130 -29
995 81 -88
182 310 -12
525 322 10
764 886 52
778 246 33
41 754 17
516 556 29
981 427 61
503 224 83
831 902 -58
126 181 33
358 441 -2
199 714 -71
155 525 75
864 297 -8
481 962 34
204 77 30
439 435 -25
585 193 -46
75 740 86
641 47 70
474 672 -82
648 450 69
710 104 -14
177 744 34
976 32 -34
782 523 2
567 849 -12
762 409 -5
609 417 30
174 325 -1
916 918 -16
237 251 32
393 434 16
799 531 7
497 589 76
472 977 24
482 59 -17
137 215 -41
819 786 53
805 870 95
58 592 31
113 700 -53
599 154 -66
786 766 17
72 433 -42
958 497 97
330 195 29
825 990 90
689 265 1
103 224 35
353 952 69
904 982 13
225 591 -58
433 586 42
841 232 16
974 674 70
386 241 68
229 355 32
236 19 8
141 147 -1
855 44 92
219 932 62
492 228 -19
644 874 -84
385 346 3
871 453 -81
792 553 54
721 918 -29
634 904 90
87 70 68
971 218 31
998 925 -7
200 342 -6
725 743 77
367 251 54
356 394 -37
44 917 -60
488 472 -56
686 405 62
993 757 -20
111 637 -36
909 573 -5
522 130 78
748 165 91
739 311 54
520 405 34
545 45 19
968 15 15
995 867 -45
875 269 41
445 469 8
524 286 80
347 477 -37
37 667 -11
754 72 27
831 218 -31
646 460 69
215 974 -51
213 136 3
889 208 27
490 259 88
497 652 32
545 335 -22
210 830 30
931 656 51
518 301 -26
828 739 -78
890 522 31
339 182 -30
990 48 57
393 290 -5
253 406 42
721 679 18
701 324 -72
777 807 -10
743 462 -61
356 905 -26
363 234 -41
773 893 -68
481 996 24
476 764 -9
171 477 -19
266 741 40
245 337 -69
731 908 -62
766 290 -33
208 688 -57
871 369 -7
196 110 -67
303 579 18
371 67 44
406 338 70
716 803 -54
593 995 88
765 803 -56
797 413 82
922 586 -42
270 163 58
119 197 -74
372 566 -35
100 673 87
192 877 61
923 759 -24
221 798 4
30 97 -32
991 183 46
952 331 -35
352 590 80
573 891 39
556 241 -2
905 642 -10
558 913 61
731 630 -64
96 549 -73
788 455 35
590 313 94
395 224 37
841 412 -52
217 140 24
244 638 27
799 864 16
1 986 -16
953 863 14
257 730 58
889 264 -29
379 380 -40
558 244 37
770 211 -52
12 964 76
677 816 -61
583 123 18
627 156 -80
989 607 41
491 893 -20
988 932 43
890 84 -35
312 664 -55
146 170 -60
266 445 47
748 664 69
951 113 -77
207 925 -7
312 39 -54
82 114 -62
503 642 -20
495 925 -68
829 110 8
564 22 -59
924 516 50
114 720 -21
327 619 -5
838 649 0
90 163 41
111 356 -41
358 311 -74
994 410 -53
396 191 15
604 292 68
603 205 4
454 814 -18
974 715 79
564 406 1
619 508 90
158 424 -39
781 402 10
130 26 -31
655 637 43
409 46 -12
187 145 -11
294 600 -17
945 248 32
132 480 15
797 942 51
884 113 14
623 60 18
918 679 48
546 616 41
439 900 -21
201 426 -46
689 740 -64
27 550 -45
175 547 84
861 656 66
154 295 61
928 498 40
251 741 -53
470 328 55
745 30 -69
753 393 86
973 485 -39
30 878 23
268 593 -11
759 445 72
612 420 67
261 632 -50
185 653 -61
545 235 72
678 425 -52
90 650 59
157 791 -58
420 695 89
88 829 -59
441 757 -37
338 878 -3
763 217 -54
122 971 -66
571 197 89
839 997 -8
790 381 24
923 201 44
612 272 63
639 657 49
586 912 -79
671 314 -67
93 202 59
467 783 -78
926 337 40
775 780 38
568 84 46
249 94 -52
401 195 37
121 832 1
11 504 -21
960 763 94
528 433 -70
583 682 70
916 925 72
922 138 -64
206 329 33
253 313 -43
259 468 26
597 483 -58
295 945 -2
642 181 41
555 608 -40
16 537 -20
533 326 74
818 493 2
514 855 83
321 690 -42
494 642 -39
645 2 24
351 754 80
824 58 -48
793 945 -54
445 460 -35
697 435 62
620 14 25
708 194 22
78 27 -80
396 483 74
739 988 94
130 182 27
622 108 -83
48 343 -8
663 109 -29
908 890 54
68 42 -71
68 641 33
983 642 7
293 749 1
748 700 -29
100 305 87
681 487 -37
485 789 53
883 445 -42
394 481 16
491 25 65
379 142 77
346 428 48
206 239 58
266 614 46
579 644 -19
129 589 -25
536 178 77
593 496 28
347 237 -76
831 510 26
635 998 -34
869 89 -86
753 561 12
845 155 -42
625 378 65
584 774 30
689 462 9
816 332 -44
968 914 -12
117 565 83
748 683 -27
860 810 -41
60 457 23
385 126 -24
346 582 -54
32 850 90
821 397 -64
25 683 -15
467 994 -36
90 668 16
926 352 -7
786 132 39
510 607 -45
980 429 64
238 271 -6
197 873 20
796 186 -34
895 448 -20
6 26 -47
761 620 -40
705 661 27
678 660 -9
517 137 -70
110 999 45
726 517 50
469 909 14
38 489 -18
998 63 41
649 813 82
671 188 17
476 824 -8
332 374 -20
797 274 -79
400 395 -84
505 339 13
447 182 90
919 436 -77
288 699 -78
480 113 -87
737 280 81
151 111 32
250 768 92
248 889 83
233 106 72
996 756 92
547 685 38
384 794 66
320 453 -78
942 394 27
850 658 10
305 466 -67
618 183 52
509 694 35
752 296 14
852 905 -11
707 341 23
167 731 -42
146 960 69
691 746 26
248 793 34
985 716 31
437 11 7
711 838 15
669 670 66
684 84 44
377 538 86
380 950 -4
580 3 27
741 384 -50
428 53 71
451 634 -55
452 89 -19
2 832 -30
452 76 59
977 579 0
811 181 -36
253 309 -38
325 149 -59
746 807 -1
428 711 -11
163 113 3
790 512 44
811 785 80
559 904 83
141 524 6
13 930 68
5 964 58
817 43 93
67 910 34
703 114 22
730 286 -19
401 470 21
292 338 48
773 583 72
412 911 -69
767 900 -51
603 984 -24
502 188 80
729 668 55
703 483 85
409 282 -21
740 668 38
305 604 89
301 171 -57
644 459 31
465 702 37
666 532 5
90 41 -38
285 610 66
820 832 80
161 922 -33
329 544 -78
91 542 67
732 92 -60
681 125 69
157 444 -6
183 529 83
700 632 4
661 250 16
171 593 28
522 142 11
811 775 24
980 191 68
820 919 38
926 530 -41
403 787 35
880 510 91
989 436 37
364 766 72
371 985 1
253 951 47
492 295 -63
533 49 61
542 441 73
642 508 25
698 838 36
83 745 -13
390 744 48
254 481 83
238 744 -57
879 465 61
870 492 87
654 855 49
364 283 -67
235 729 -2
595 431 -72
371 345 12
100 162 34
312 328 -44
684 186 66
558 678 62
844 733 -27
689 401 -8
850 644 29
517 17 -11
1 193 29
977 791 -48
157 209 36
914 84 53
340 567 -65
893 130 40
505 703 73
578 983 63
852 879 -3
9 339 5
608 762 63
733 51 1
906 137 -20
48 762 66
936 547 29
364 464 14
127 240 -78
346 187 39
684 250 -42
527 905 34
633 249 -87
838 372 -75
43 410 -14
145 832 -29
885 227 -62
87 483 -6
461 742 22
904 71 3
595 194 -2
12 567 69
739 582 -48
845 736 80
317 995 -2
105 802 -58
238 352 28
830 794 -70
131 92 -36
207 624 -46
249 820 -44
800 711 -29
719 376 -41
754 220 22
175 570 -72
107 851 24
520 9 58
297 619 49
624 474 41
35 604 -74
353 341 38
489 852 -89
733 390 48
664 132 44
47 172 32
226 820 43
877 18 14
389 755 3
850 199 -64
587 764 45
982 175 21
916 583 80
991 536 -73
556 780 7
238 419 20
988 465 -25
459 977 2
710 556 84
344 584 48
138 706 34
199 340 6
167 95 -10
853 973 91
301 879 26
163 884 -5
547 916 82
629 699 -25
462 517 -30
470 89 79
550 367 20
663 594 -3
23 13 -14
655 593 -38
481 356 24
716 363 -11
151 385 -22
105 56 19
198 201 -42
314 600 33
188 93 -44
622 674 86
471 280 88
954 346 52
628 563 70
768 84 -7
417 306 -5
658 67 -23
412 45 -2
379 497 31
791 444 50
133 36 17
995 18 -39
648 502 9
83 410 71
905 645 22
392 249 24
106 644 68
464 506 45
533 252 8
675 364 -71
518 222 69
783 633 7
141 201 59
727 370 15
82 799 14
319 588 69
34 527 -26
496 465 95
46 274 79
784 206 -75
316 376 10
267 140 -68
693 85 -47
40 360 -24
860 581 -42
683 401 52
830 891 -15
357 275 -20
394 783 73
784 898 -34
479 954 44
598 647 34
900 203 -54
938 133 -38
421 878 -44
294 183 86
996 378 -10
664 27 97
273 841 41
524 147 -11
725 673 -49
49 829 -33
243 193 81
656 813 40
608 776 -35
108 175 96
580 748 52
695 286 71
679 40 -54
846 719 83
618 67 32
885 646 -59
157 734 15
827 793 -73
188 197 82
967 81 -54
779 594 85
344 990 -20
788 489 75
233 212 34
597 436 -40
702 932 40
85 480 -35
836 895 76
427 669 30
24 631 81
973 998 81
707 328 -37
853 45 19
966 468 -60
670 188 32
601 301 -3
429 880 52
901 456 -43
996 511 -52
820 515 17
11 415 -36
573 615 70
386 821 27
36 647 -47
529 486 82
34 511 -34
818 750 10
982 536 1
86 349 86
207 488 -41
834 106 -30
96 475 -17
762 269 82
64 953 55
910 25 76
185 789 -47
517 754 -42
487 741 -76
44 519 27
137 373 -83
400 287 -8
802 598 -44
216 354 92
263 892 59
197 492 -57
681 861 62
488 162 -76
495 30 47
101 93 -80
313 986 -10
452 902 7
80 135 17
265 784 86
637 301 -35
908 866 -43
700 754 -15
730 814 23
301 346 28
831 707 -68
978 166 -46
249 603 -71
405 470 75
120 468 81
163 409 32
135 804 -39
289 483 78
304 520 53
909 537 66
545 144 27
628 32 36
306 648 83
506 9 -74
388 857 36
434 207 -11
196 118 14
647 769 47
928 202 84
282 653 -68
954 457 -24
693 30 -50
673 915 29
639 623 5
865 125 -22
197 617 -52
597 205 -20
527 156 -57
255 919 -28
669 708 -9
801 55 -62
982 135 -83
582 411 -27
752 164 69
259 496 33
562 253 56
598 961 -76
368 148 56
66 458 -46
68 162 77
529 762 74
958 771 -15
427 49 -7
573 160 94
410 780 88
932 783 -76
561 485 -43
499 892 29
212 901 -53
334 302 -16
414 25 60
856 775 -46
996 354 -57
553 320 -34
765 129 51
385 814 -80
747 786 93
388 99 92
302 132 80
239 940 82
946 79 56
858 67 30
199 414 89
203 222 70
366 857 -12
403 573 27
403 869 81
688 850 45
375 157 -47
880 37 88
903 653 1
536 530 26
443 563 27
553 392 91
123 682 56
286 78 74
297 659 -41
207 473 43
218 94 38
611 831 -37
853 497 -57
823 776 -41
437 901 37
146 578 4
237 69 65
878 496 90
518 104 13
834 48 97
703 384 9
639 146 38
433 318 86
169 765 -58
562 278 81
468 81 -11
815 113 16
355 833 13
455 398 -33
348 340 -53
764 402 60
443 273 84
529 185 34
583 313 -27
43 91 -54
818 775 9
581 917 -52
367 971 4
307 769 19
999 86 45
5 809 -14
185 528 -11
850 283 30
425 594 21
566 259 32
613 432 70
534 410 -68
518 535 70
795 441 65
271 275 24
269 122 67
250 696 57
653 753 19
279 134 -65
816 670 -27
88 530 55
433 520 13
614 139 -58
113 478 77
986 841 -25
704 496 21
764 239 -62
626 128 -84
628 950 -46
214 775 8
282 305 -47
93 326 -68
494 994 76
676 181 -55
748 278 74
763 131 -36
658 272 95
582 192 -25
96 19 -79
48 574 85
60 160 35
268 436 -84
883 820 31
705 376 81
298 96 52
179 572 68
289 266 27
964 768 22
941 991 -3
624 270 -26
649 704 -78
284 945 -36
309 646 27
569 771 -15
817 402 -38
423 469 53
133 2 -48
392 905 52
171 814 15
531 638 38
199 93 -32
761 498 24
158 555 14
534 783 -50
721 337 -81
439 556 21
564 666 -1
396 141 20
403 860 -16
990 590 -17
231 432 9
347 651 -22
885 87 51
977 969 68
793 491 61
161 453 -28
65 422 64
893 889 16
717 640 -46
25 873 -26
763 2 -38
384 884 -42
596 537 10
563 199 -19
538 173 41
597 171 9
327 867 75
871 564 1
693 446 -83
864 902 -25
878 920 -58
901 930 61
673 291 -49
833 2 20
658 362 -85
617 47 71
563 801 76
169 825 -72
539 407 14
23 14 -18
531 587 -38
656 400 49
577 645 70
869 537 18
353 603 72
910 965 -79
79 828 6
674 142 -28
852 521 26
328 840 88
667 237 -53
791 339 85
561 265 60
618 233 -53
394 760 -62
808 183 95
584 253 59
187 601 -43
273 906 28
374 844 -57
949 747 77
626 428 -26
279 212 22
292 913 62
686 825 -36
537 639 -33
373 106 50
723 598 6
168 909 84
201 146 87
877 551 -24
441 187 -73
882 546 87
484 24 11
824 724 10
580 617 -65
406 638 91
135 176 -36
680 572 61
758 257 -12
319 318 -17
724 639 19
62 427 -72
559 610 92
7 771 44
926 443 -9
592 486 -50
816 671 -8
987 538 77
715 896 -50
650 779 17
999 390 -19
125 410 12
443 547 57
474 220 -63
746 825 -16
734 673 2
200 386 -3
178 926 -4
309 290 41
42 640 16
3 810 76
885 607 67
170 109 -29
375 172 -47
819 918 -67
807 325 -60
783 736 74
598 225 -13
119 90 -28
628 684 -37
452 506 -63
864 639 25
419 991 42
238 365 28
48 491 -75
585 898 -9
938 435 -56
594 730 65
704 50 58
862 750 70
401 239 74
984 625 90
1 987 -44
808 148 71
43 481 -53
270 466 -56
423 313 -67
344 673 18
411 146 7
772 88 56
230 950 -59
692 180 28
178 617 13
694 843 23
862 342 35
676 821 -3
95 807 1
829 708 61
891 549 5
362 230 -24
736 828 -28
274 30 38
564 902 32
367 37 90
942 946 86
428 277 -18
290 39 26
833 963 89
679 124 5
283 220 29
224 52 19
122 869 -4
593 883 -43
872 305 86
583 725 -7
261 815 8
555 922 -31
661 296 -28
691 514 45
505 507 25
574 29 70
302 555 25
307 994 30
497 212 25
676 397 -69
317 782 85
918 41 -2
876 348 43
890 71 -47
661 51 -22
474 550 78
156 60 24
418 156 46
605 88 92
154 373 86
318 980 13
884 969 22
955 328 -62
599 806 77
338 165 -76
950 23 60
186 622 0
253 157 -80
441 957 13
836 456 33
566 682 -82
119 646 27
485 444 35
477 660 -21
480 334 -53
377 305 20
797 601 84
328 1 -65
294 199 25
771 86 69
885 998 -47
655 225 12
954 956 62
815 583 27
815 898 56
607 695 -65
49 768 75
488 299 -23
524 603 96
361 701 -5
720 232 -55
375 860 82
203 171 -83
645 413 -17
2 865 26
910 335 -72
831 515 27
3 101 -74
885 364 -82
22 409 19
62 912 74
956 36 84
812 713 -3
844 559 0
239 759 -17
434 553 82
402 159 -84
627 820 -58
460 244 66
280 970 -36
379 536 10
978 420 10
292 591 87
511 121 53
140 105 82
2 31 -10
612 584 72
324 73 -9
690 846 -15
628 930 49
562 916 -32
513 114 -10
21 800 49
35 347 86
689 841 -61
810 774 -6
153 381 32
120 959 9
612 337 -49
633 52 40
908 858 87
959 269 -34
472 973 36
270 245 11
975 883 -29
768 279 25
614 553 15
821 988 31
85 396 -82
336 690 83
77 964 80
127 739 72
218 392 76
81 864 -68
896 197 86
636 688 70
561 208 -41
598 454 -44
700 734 12
381 935 29
448 719 55
850 528 92
558 402 86
768 640 -17
551 398 81
460 573 44
618 8 70
25 143 -78
647 967 -36
663 367 -7
228 184 -44
851 466 35
909 341 -9
713 552 6
716 248 -32
272 815 19
578 869 -2
700 232 11
195 683 -75
704 607 -73
741 678 72
749 218 80
72 721 9
591 490 -65
412 459 70
202 365 -11
874 310 88
852 411 -84
846 552 28
572 153 84
121 966 23
34 50 22
431 250 24
252 451 88
157 318 40
79 788 -53
420 538 39
121 52 92
53 152 -42
378 122 -83
126 647 52
715 458 34
796 295 -40
800 430 56
568 559 -43
116 769 -44
801 99 -26
105 647 -73
5 108 1
849 196 8
315 327 3
49 374 57
269 381 -16
562 506 65
283 265 86
249 413 23
506 109 49
498 982 -17
817 966 59
28 36 -10
340 143 61
950 65 53
25 583 59
165 724 87
570 804 -64
39 519 17
495 909 47
858 610 -71
795 508 -70
672 309 69
956 145 22
663 122 63
429 774 -42
886 96 49
790 478 6
565 698 43
216 19 7
372 760 -37
94 515 19
121 937 41
933 44 94
891 940 -16
340 738 -46
590 740 48
651 397 82
65 568 -31
728 800 52
303 243 20
348 291 20
376 250 -39
120 593 58
87 549 28
302 978 -27
253 743 47
3 364 45
522 671 -18
178 974 -32
893 41 46
286 479 32
851 653 92
31 111 57
331 864 22
507 66 -5
900 260 35
698 496 -35
598 862 12
317 821 43
676 61 44
928 844 -67
848 133 -50
560 597 79
210 78 75
740 653 -3
992 123 -66
820 745 23
721 162 -51
923 453 -63
179 685 -4
451 868 -67
697 499 21
82 512 16
530 167 86
740 488 44
75 366 -9
943 633 7
643 404 23
123 779 -11
456 751 -45
853 67 17
657 298 -18
932 441 -4
365 874 17
773 470 62
94 281 -14
519 614 43
661 665 17
530 950 -63
912 67 18
110 805 12
655 479 -73
174 228 44
887 869 90
408 874 79
686 873 55
390 504 15
338 537 49
22 682 71
776 529 20
549 269 -35
288 834 57
138 420 73
313 884 8
31 70 -71
739 317 31
950 846 -7
575 700 82
597 942 43
464 863 -35
70 394 49
175 567 -31
9 819 34
809 939 -27
136 552 51
138 305 37
743 560 38
705 866 68
412 734 79
234 248 27
697 496 -35
35 286 24
91 537 -65
396 646 -20
741 555 -62
878 127 58
360 235 49
258 637 41
398 962 6
279 866 -75
162 948 52
780 53 2
407 910 88
906 529 39
397 656 86
281 693 31
456 595 37
85 477 41
641 672 77
298 461 -29
570 661 -34
604 773 -80
684 284 87
411 565 42
68 688 29
865 997 39
780 57 4
53 2 -76
496 258 18
987 850 -43
194 419 70
412 726 58
402 902 -77
461 682 -61
834 874 -53
55 130 70
974 450 3
958 42 52
9 270 -22
372 249 19
979 576 35
962 966 7
871 885 -1
721 948 -7
935 792 -50
479 548 73
464 748 -15
370 203 -64
298 27 -37
555 361 -86
369 572 -82
740 791 -44
949 976 -41
934 85 46
896 949 68
232 138 -25
526 73 88
302 784 85
925 689 7
259 597 -12
698 832 -6
551 16 15
998 299 -65
777 4 -67
152 438 -21
928 379 9
315 29 -39
377 683 16
968 300 22
191 969 -49
724 259 60
735 288 -10
880 479 76
386 103 6
935 920 -34
855 182 -18
211 227 -43
724 473 -72
140 354 -76
555 948 -82
210 983 90
175 696 -39
603 935 -22
593 87 -69
836 382 -8
219 606 -28
864 742 37
573 959 47
321 722 90
972 324 -44
900 736 65
781 225 79
158 773 -65
865 780 68
821 931 -22
547 412 13
179 972 -10
973 644 -22
501 176 -22
797 312 -55
864 60 42
231 296 -69
68 212 -5
876 526 -80
810 564 54
161 17 -65
38 430 5
118 793 88
920 195 -53
972 343 66
523 535 -34
185 169 -73
304 806 20
376 390 -40
406 724 68
933 980 43
656 36 11
914 939 -56
592 573 16
889 447 -50
445 446 -16
977 906 -7
769 359 -63
523 542 -57
383 888 -53
50 694 83
109 969 -73
980 664 53
700 925 70
979 954 16
261 207 34
866 49 -6
536 194 -26
909 902 -17
642 944 -48
254 515 11
364 90 -24
728 311 37
273 654 14
301 249 -14
748 344 -33
654 99 -19
860 27 65
950 376 21
523 187 -67
614 205 55
832 979 -45
777 641 -11
644 420 68
84 456 -52
408 325 29
284 154 -74
827 64 -5
335 276 -83
586 330 63
53 386 -66
274 35 38
105 750 -27
393 635 33
91 487 -74
527 333 63
55 522 -10
410 219 43
461 743 -65
726 748 53
735 522 -2
742 37 29
451 648 15
861 942 -58
996 723 -6
748 491 -80
517 653 -38
714 250 -51
658 148 -32
644 458 3
194 390 -41
953 273 -49
351 530 -62
173 293 16
714 671 75
274 730 84
32 228 31
88 744 9
840 923 -67
117 297 -22
221 480 32
440 327 89
108 772 -20
168 971 61
117 797 25
571 738 -43
657 681 25
338 436 -13
579 124 31
101 977 73
748 334 57
575 807 -20
490 992 -1
240 320 -21
849 829 -73
627 60 -71
410 821 42
70 984 -68
94 905 85
202 64 68
641 360 20
961 27 -47
238 896 32
142 691 -9
409 48 -49
516 359 -74
995 468 -66
614 168 -49
437 212 91
604 309 -44
827 748 71
642 298 -53
392 820 -19
874 284 -13
229 615 -58
272 485 -69
657 150 32
462 132 70
296 643 0
233 688 70
937 865 21
346 727 57
555 470 -16
319 920 79
211 338 91
66 632 -22
480 27 50
450 13 -56
286 607 -2
765 740 88
865 301 -66
826 818 -58
317 946 13
615 29 -50
118 684 -11
827 412 -27
33 172 -13
93 713 -62
348 26 -1
201 173 -42
120 864 -8
66 679 5
335 373 3
67 740 71
91 811 60
256 818 -29
416 519 28
755 370 -43
443 949 70
416 63 26
932 400 -4
517 841 -30
649 189 35
996 946 23
135 901 82
446 660 53
855 282 52
273 721 65
393 269 97
371 349 9
689 973 -57
174 735 62
565 886 -35
903 291 -22
478 662 -76
416 973 -81
134 744 8
706 66 18
664 584 -59
842 977 -19
861 534 88
975 146 5
23 471 -68
730 421 23
810 884 -35
183 520 38
480 909 44
577 27 -62
838 57 77
293 490 45
775 598 -67
688 522 -4
690 866 -5
853 972 48
699 901 20
899 19 -79
63 902 49
809 690 44
213 568 47
147 193 -27
71 108 -49
627 730 -72
844 24 -8
81 477 -31
970 276 -5
436 675 -66
54 209 -12
62 985 34
200 856 84
74 481 20
956 994 88
826 750 -43
532 524 -2
746 498 -54
916 863 24
689 138 -78
879 125 30
708 908 39
129 876 -39
162 137 15
442 756 14
931 832 -33
709 885 -45
764 524 -66
145 219 45
15 362 48
671 107 21
847 339 -12
158 923 49
990 716 -71
666 741 31
729 641 -55
834 717 -72
66 6 -36
448 868 -61
303 304 -49
474 635 48
625 82 -83
949 834 1
869 381 -72
830 91 91
62 936 56
598 180 40
486 703 -16
519 864 75
310 715 -28
772 631 81
722 138 63
527 21 68
934 315 87
967 745 -52
424 562 8
54 580 -55
883 909 -20
54 396 55
263 428 56
19 527 85
458 721 49
730 940 -33
213 836 7
69 512 -54
573 381 -21
276 999 -12
392 947 39
841 282 63
681 704 2
809 382 -3
659 549 86
878 594 -28
298 961 15
148 896 -25
598 763 71
816 15 -72
807 463 -28
318 179 -59
460 749 -11
905 795 81
794 253 -55
505 72 2
401 211 73
793 335 -14
550 30 44
768 32 28
913 887 -65
479 511 51
679 163 33
962 307 44
139 544 -89
998 209 -44
867 883 -80
106 20 5
344 99 -50
924 601 -42
503 900 68
714 262 -37
244 524 -71
10 94 8
770 623 46
704 788 80
551 317 90
739 975 -65
676 50 -58
521 728 1
262 526 60
240 323 -22
266 952 92
195 153 49
602 232 -52
147 302 -37
92 937 44
181 421 -86
592 560 6
532 462 -55
598 259 -61
101 169 50
779 689 -19
905 140 57
582 327 -42
500 21 -1
837 378 54
932 656 -40
675 594 54
677 929 -8
479 764 -32
195 253 16
63 309 -68
845 111 22
617 273 53
811 465 12
919 338 -58
208 172 35
302 506 41
69 975 19
71 526 13
681 128 28
795 879 -51
67 130 42
275 530 -14
34 127 -50
923 292 48
337 841 70
757 28 24
67 463 -44
379 696 -24
989 76 64
482 336 -31
326 110 -44
582 681 9
771 194 56
846 829 -28
197 949 -14
646 675 58
916 579 -1
860 766 -9
937 681 -69
173 161 -24
639 817 75
163 668 -23
248 677 88
374 846 -43
848 633 -75
11 374 30
326 176 -68
526 368 54
126 821 79
672 986 49
192 905 78
408 991 87
235 424 69
293 319 -57
369 237 58
82 328 -44
527 2 69
221 286 75
177 484 -23
893 75 -16
284 876 40
29 786 -71
568 630 37
129 915 91
313 343 -26
254 961 15
475 385 72
469 940 26
427 42 40
391 284 -71
986 299 -11
3 529 23
337 273 31
582 838 87
733 713 76
71 432 -27
130 823 84
612 674 -43
215 95 -2
815 923 72
910 235 19
450 332 -19
187 307 28
481 783 49
826 783 -80
631 186 35
896 974 -10
227 624 -34
294 93 -10
910 746 -35
667 259 26
287 795 -40
343 753 -13
655 626 93
706 405 -7
117 830 27
708 621 -23
664 341 71
542 782 67
932 828 -34
134 930 87
395 74 -46
966 645 -19
854 202 25
209 291 -65
50 838 42
915 39 73
558 607 45
98 213 15
459 654 -30
156 614 -44
837 577 -9
908 816 74
750 395 -41
924 399 71
667 693 4
693 122 3
293 446 22
489 509 -35
349 876 27
305 791 -52
766 239 1
560 445 2
955 603 31
731 765 31
378 582 -41
217 222 63
604 741 58
289 113 -29
131 181 -19
210 971 -43
89 286 58
589 433 46
257 421 77
771 247 62
685 677 -10
139 550 52
700 420 50
392 639 -42
78 877 24
172 144 -68
25 343 2
610 134 -30
592 934 -13
64 303 31
263 150 -20
138 453 78
446 774 -76
521 657 -82
783 350 20
229 723 22
55 47 70
914 86 30
975 226 -47
213 176 -39
219 74 -80
614 418 13
286 923 -71
683 206 61
846 280 81
85 558 -16
388 908 -38
737 24 -13
375 429 64
34 60 -83
315 353 -81
74 200 69
690 59 -65
705 684 87
31 398 10
439 647 -51
347 642 39
105 133 -26
102 51 -27
790 206 -73
466 373 -58
604 123 7
781 835 14
607 338 9
883 614 -41
547 563 -26
649 116 97
787 935 -1
444 26 -55
424 401 21
256 494 -84
295 628 -5
729 590 -7
534 932 28
341 97 -16
336 609 6
385 962 20
696 610 31
161 992 82
662 329 40
559 970 64
43 267 61
218 76 28

